8
-3
-7
-15
3
5
-4
-3
2
17
2
4
2
2
-4
7
-4
-5
-8
5
-10
-6
9
-8
4
0
-72
-1
8
2
-10
2
-11
7
-1
-1
7
2
11
-3
4
3
12
-10
-1
-3
-14
7
1
-1
11
9
4
-16
-12
2
-2
4
-7
-16
-3
-54
2
-9
7
-16
-1
-1
-9
-27
-7
7
-4
2
4
6
9
4
-9
-10
4
0
-4
-8
-1
8
-17
9
8
6
-1
-6
-10
-7
-5
-5
-7
9
-40
5
-9
1
12
-90
7
11
15
-5
-14
13
7
-16
-14
2
-3
-12
-5
-2
-42
6
4
0
1
8
0
3
2
-7
-4
11
1
6
9
5
5
7
2
-10
8
-3
8
-10
8
6
-5
0
-8
-1
-6
-4
5
-3
5
-6
6
1
0
2
-5
7
9
2
4
-10
15
15
0
9
1
-4
8
-5
5
-6
9
-7
4
-10
8
-4
7
3
-1
6
0
1
0
15
-9
3
-5
-1
14
-3
3
-12
-2
-8
8
-1
-7
36
8
8
-1
3
9
0
-9
-10
11
-1
0
8
-2
2
-1
-24
-4
-10
-17
0
-1
0
-2
-6
-3
2
10
-10
2
-7
-4
7
10
0
7
2
7
-20
0
-2
6
7
-4
0
-4
1
-15
-11
-13
9
-18
-1
-21
10
-14
1
-8
0
-80
-5
8
0
1
7
-7
-5
4
-6
-2
-6
2
-5
-1
8
6
-1
-13
8
-4
3
12
-1
-8
7
-2
8
-4
-8
0
8
0
-1
8
4
3
-10
-1
0
-8
-7
3
-1
-8
-5
11
-6
-6
-1
-3
-36
7
-1
13
-7
-6
-3
17
9
-4
4
-4
-6
-8
-1
-1
72
8
0
54
-4
17
-13
2
0
-3
-12
-3
8
-5
5
-10
-8
4
6
-6
3
-3
-2
-1
7
-1
-8
0
-5
-72
-2
2
-5
-4
-5
-3
-8
-2
-5
-8
-9
-1
3
-2
0
-2
1
9
6
8
-3
9
4
-10
0
9
-3
1
-9
-6
-7
1
-3
0
3
48
7
-9
0
5
-7
-2
-3
3
-3
0
-14
-5
1
-8
-1
0
9
-10
-18
-6
-1
8
4
-4
3
-9
60
-7
6
8
0
-1
7
5
-9
8
-1
13
2
11
-8
0
0
-12
-1
-4
14
-1
24
5
-3
-2
-1
6
3
6
-8
1
6
1
-8
-15
-1
-4
-16
4
-3
1
-4
14
0
12
-27
-4
4
7
0
45
2
7
-3
-10
-10
-4
-8
-10
-3
-2
4
5
-9
-10
-1
-10
-8
-10
13
-5
0
-4
-4
8
7
-12
1
2
5

Calculator off.
