9
2
10
1
2
-8
0
12
0
-9
1
6
5
7
-1
16
4
-9
-8
1
5
-1
1
2
-4
-16
6
-10
12
-2
3
-8
3
-5
-5
7
-10
-4
-3
7
-3
8
1
-2
-4
-8
-1
-4
-36
-6
-7
-5
-18
8
-30
-3
4
-10
1
-1
-4
7
-2
-9
2
-10
5
20
7
-6
1
-8
-1
-8
-9
-10
3
5
4
-7
4
9
-7
7
0
9
-10
-2
-5
-9
0
-3
9
-8
2
-5
7
1
10
-2
8
30
4
0
-2
4
11
7
13
6
-10
7
-5
1
-1
-1
0
-8
-2
8
9
-10
-7
-56
15
-1
-5
63
-7
-9
-6
4
14
-5
1
-6
2
-7
-6
7
-3
0
-1
-1
-16
-12
0
-1
3
-2
-8
8
-9
-3
-3
-7
1
-2
-1
-9
21
-1
3
9
2
0
12
0
-8
-10
-4
0
8
-6
7
-2
-1
7
-9
-56
4
-90
7
3
-17
16
3
7
6
-45
1
-2
-6
2
0
14
7
-5
7
-8
-10
-10
24
-2
-8
4
1
1
3
-3
8
-3
9
-3
-5
6
-7
-4
-1
-2
-1
1
8
6
-1
1
9
-8
-2
-10
-6
4
-1
-7
0
3
4
-6
-2
-1
3
14
4
-12
-8
-3
6
-2
-6
20
-4
-8
1
0
6
1
4
6
-8
-36
-4
-7
8
56
5
-9
2
-10
4
9
-9
14
-3
7
2
8
0
0
-14
-56
-5
8
-1
1
7
8
-3
2
-1
-2
-10
4
-8
-8
0
8
16
3
-1
5
4
1
-1
8
14
-18
-2
3
-4
7
1
-3
-6
-4
-36
8
3
-18
-8
5
-1
3
7
5
-5
-7
-1
-1
-2
-3
-10
1
-14
-7
-10
-10
-10
-7
-2
-2
-8
-9
-4
-5
3
-5
3
5
2
-1
-15
-2
2
-10
-5
1
-3
8
-9
-4
2
-5
2
1
1
4
3
-36
-3
-9
1
3
-4
6
-7
-1
8
3
3
12
4
1
7
6
-3
-18
6
5
5
4
-9
-1
0
2
-2
6
-4
0
-3
1
4
6
8
-7
-1
5
2
3
-10
3
14
4
-2
2
-3
3
-4
8
-8
-10
-9
8
9
6
11
-6
-6
0
6
-3
-4
6
9
0
7
-9
-9
-2
4
-7
1
-7
-1
-2
-7
0
-1
-8
-5
-42
-3
40
5
-9
-7
6
0
-10
-3
13
7
8
-9
9
-10
5
-8
7
32
-3
2
-2
-5
48
7
8
0
-2
3
2
4
5
6
-9
-8
1
13
27
6
8
3
21
-17
1
-6
0
-2
4
-8
-3

Calculator off.
