-10
-6
-1
1
0
-16
-10
80
-6
6
4
12
15
-9
1
9
1
7
-4
1
8
14
-8
-6
-5
-27
7
2
7
4
-2
-1
5
4
4
-16
-1
6
-6
-3
-1
-8
9
-16
-4
-3
0
6
-3
-2
-4
6
-2
-7
1
-3
3
-1
7
56
8
27
-10
-9
-11
6
35
-16
-16
-3
-5
-11
8
-2
2
-5
4
4
-6
-2
9
0
-3
-3
7
-3
7
-3
-2
2
4
-7
-1
9
-4
5
-7
8
9
3
-11
-9
-6
6
-9
-10
0
-7
-9
11
0
-8
-30
9
18
5
-3
-10
-7
-6
6
9
7
0
-5
5
-2
-2
10
15
9
2
9
-7
8
-4
7
32
0
0
-5
-1
-15
-3
8
0
-1
0
1
-10
6
-10
0
-1
3
4
3
-8
-1
-8
9
0
5
-4
5
-7
3
-1
7
6
0
-8
-13
3
-10
2
2
-2
5
7
-1
0
-17
-10
-8
7
12
-6
9
-5
28
8
-16
11
9
-10
-2
-3
-7
-1
4
3
-8
-4
-6
12
-1
-9
0
3
5
-4
7
-2
7
1
5
3
0
-2
2
0
0
-4
8
-3
0
-11
-12
0
3
-1
0
7
7
4
-1
-3
-2
-3
-10
-4
0
-5
-7
-16
-4
4
-1
4
4
28
-5
-7
1
-1
-6
-10
-8
-14
0
dividebyzero
-3
-2
18
-5
7
6
4
-4
9
-2
3
2
4
-1
4
-2
1
-8
-10
-9
-4
-6
-2
8
0
9
-3
4
7
3
5
5
-4
-5
-6
-8
-2
1
5
6
0
-1
-4
2
-3
-8
-4
10
4
3
-3
7
7
-2
14
0
2
1
-1
-3
3
-9
0
-5
-1
8
-4
4
-8
1
-1
8
5
1
1
-5
2
13
1
0
-7
-5
24
40
2
-2
2
6
2
-13
0
0
4
-10
8
-7
-6
0
-5
-8
60
18
-3
2
-80
0
-1
-5
8
-9
-6
-9
0
20
-4
9
3
1
0
-6
5
-8
-9
0
2
4
-5
0
-3
1
-5
2
8
0
-10
5
5
-10
6
-13
-7
-3
-5
2
-1
-1
-14
48
0
-7
0
1
3
-6
7
5
0
9
2
6
1
0
6
1
-4
5
4
6
2
-3
7
5
2
0
-5
-5
0
-10
-2
-6
9
1
3
0
8
1
-15
9
1
-7
8
0
-10
-6
-5
-7
-8
-1
-10
27
-3
-4
6
6
-1
12
-12
-9
14
-4
5
-8
0
-3
-4
90
3
-3
1
-4
-8
5
6
-6
1
6
-7
8
-2
1
3
-1
2
0
-1
-5
5
-3

Calculator off.
