9
-3
6
4
4
0
-1
8
2
-5
1
45
12
-9
-2
7
-9
9
14
0
-8
2
1
81
4
3
-7
-3
-4
-7
9
6
4
9
9
7
-10
3
4
9
-4
-5
6
3
-7
6
-32
-5
-1
-7
-5
20
-8
9
7
-4
-1
-1
2
0
0
6
-1
-9
-1
-8
-1
7
-8
-2
-9
-6
-3
-10
0
-1
-6
-9
-3
3
-7
-9
8
-15
2
13
-1
9
-13
2
-2
1
-13
-2
7
-2
0
-3
1
-7
7
6
-9
-4
0
9
0
-2
4
-2
-5
7
7
0
0
7
-6
4
8
3
-6
1
-4
8
-9
-1
9
3
8
6
-16
-5
-2
-3
-1
-1
-9
-1
1
9
-2
6
-2
-7
4
-1
24
-11
-8
0
2
3
9
9
36
7
1
3
9
-3
2
3
-1
2
6
9
0
7
48
2
6
1
1
6
11
1
8
6
-2
-7
-2
-3
9
-6
12
3
8
5
1
-2
-2
0
11
-42
0
-5
1
-6
-6
-1
-5
-2
dividebyzero
-1
0
-2
9
-5
5
8
-10
-4
-4
13
-12
-5
5
-7
-3
-24
-5
-2
8
-5
-2
-8
-1
2
8
-3
0
2
-3
9
1
7
-8
0
4
-2
30
-3
-4
-1
-9
1
-6
-15
-3
5
0
-2
2
5
-7
-6
-1
-8
-54
0
4
-5
-1
-7
-2
5
0
0
-3
3
1
-8
-5
-4
8
0
0
-48
0
45
4
-5
5
6
-4
-1
-9
-6
5
-1
-6
6
-7
1
1
-19
7
-6
-14
-7
-5
-1
-6
9
-2
12
0
0
8
-2
0
-7
-10
-5
4
-4
-8
-5
-5
-9
-1
-12
9
-1
9
-7
6
-8
2
-2
-6
5
-9
7
5
9
-6
-3
5
0
3
5
10
-9
2
9
2
-13
6
0
11
1
7
0
14
2
4
-13
-13
4
-30
-3
-2
0
10
2
1
2
-2
-6
-5
9
-5
1
8
3
-8
-5
4
7
4
6
30
19
-4
2
0
-8
13
0
8
10
-4
-1
4
-1
-2
-6
-2
7
0
-3
1
1
-1
-2
-6
dividebyzero
-3
-5
15
-2
-10
-5
-14
-8
15
-5
6
6
3
-10
7
2
-2
-2
2
-4
-6
7
0
-8
-10
-1
-10
-12
4
-6
-20
-12
-10
1
4
4
-3
-10
dividebyzero
-1
-6
3
-9
0
-10
-4
-8
-10
-9
-7
-1
-15
4
-5
-3
-9
2
0
-5
1
2
-4
-3
-10
0
6
-1
-10
1
-6
-3
-6
-3
-6
8
-8
4
3
-10
-70
3
4
-9
7
9
-5
-4
-1
0
2
9
8

Calculator off.
