-2
9
0
-2
-8
-5
2
-6
-10
90
-6
-6
-3
0
-2
6
-6
2
-1
9
7
-10
-8
8
4
-6
4
-12
-20
-18
-2
-6
2
-6
-10
-1
1
-6
5
14
-9
5
9
2
1
13
-2
1
9
11
7
-2
-6
-15
0
-2
-3
-4
8
15
-2
8
-2
-6
1
-1
0
6
-20
-40
15
-15
-8
13
-2
-1
3
54
9
8
8
-1
-2
3
-2
1
9
3
-10
2
-12
-1
7
-3
-10
-12
4
0
-32
9
1
3
9
3
2
-6
0
0
-8
5
8
-1
9
0
9
0
4
5
6
-4
9
0
0
-4
-5
4
5
6
6
0
-5
-18
4
-6
4
9
0
9
1
-16
-8
-3
0
-16
-2
4
-6
4
7
2
-6
3
0
-21
-12
-16
-10
-8
-6
-3
2
2
4
5
3
8
-3
2
6
-2
7
2
5
-2
-2
-8
5
7
-7
9
-3
5
-9
-12
0
12
9
-3
-7
-3
6
-35
-2
-9
7
-2
-9
-4
-4
-30
5
-10
1
dividebyzero
4
-15
4
4
-1
3
8
3
-1
-6
0
-6
-10
1
2
9
-4
-6
-8
7
5
-7
10
-4
14
21
3
0
-1
-6
4
3
12
-7
-1
-10
-4
15
32
-5
-7
-1
8
4
8
-4
1
-9
-13
-4
-3
-1
7
-10
6
9
-1
-2
-1
10
-2
-16
-7
2
-8
6
-14
0
-6
-2
-3
-5
-8
-7
49
1
9
2
-12
-1
-3
-1
-6
-6
-8
2
4
4
-10
-2
-7
3
-4
-7
7
4
-10
-50
-3
3
1
-5
-15
63
16
80
-3
0
-24
-7
-5
5
-16
4
-7
-7
0
1
8
1
3
-8
-2
7
-16
-11
-14
4
12
-4
-1
-9
-6
5
-10
-5
-18
-8
-2
-2
12
-5
-9
-10
-4
7
0
8
7
0
-5
-3
dividebyzero
3
7
-10
-10
-3
7
-1
13
0
6
45
13
-3
8
-3
-1
0
-3
0
8
1
-6
7
-2
-1
4
2
12
-3
-10
-6
0
0
-7
-1
-9
-6
-6
8
-1
-3
-6
6
6
3
2
-7
-6
-3
-1
-1
6
-12
-8
8
-3
3
-56
-8
14
2
8
7
-5
-8
-7
-7
0
4
9
-7
7
-28
7
6
8
-2
8
19
9
-1
-14
5
-1
-3
0
4
28
-2
-6
-10
3
-5
-9
-10
-1
3
-8
-3
-9
-72
2
-13
-14
-8
-1
-3
-5
-2
-9
6
6
3
-1
-2
-2
2
5
-7
8
-6
0
3
-10
-10
3
-8
1
5
-6
-4
-5
-16
4
-10
0
-5
-1
-10
-3
2
1
-1

Calculator off.
