-10
-7
4
-1
7
14
5
8
-9
-3
1
7
-7
4
0
1
3
-5
-8
-3
-27
-5
-4
9
1
-13
-1
-7
-8
-5
-9
1
-5
7
7
-6
1
7
-16
2
10
0
2
-12
-1
-6
-36
3
6
10
2
8
-4
-9
-6
-8
-5
-8
5
0
-7
-12
-5
0
-10
-6
-9
5
-10
6
7
8
-3
-7
-7
6
-1
-36
-1
0
10
-6
-7
-6
0
-2
-7
0
2
6
1
5
12
0
-3
-8
-2
0
-5
-6
-2
0
0
-16
2
6
-5
-10
6
27
-10
-4
7
0
-1
48
6
-6
7
8
9
9
14
1
-2
4
-4
1
-6
-5
-7
6
-16
-10
-5
3
6
10
1
0
8
-8
8
-3
3
8
4
8
-6
0
-8
-6
1
1
-7
-7
-4
-9
4
6
-10
-9
-15
10
-14
-12
-2
0
9
-12
-3
4
-3
-3
-9
0
-7
3
9
6
-6
2
-9
8
7
14
-3
-40
9
-2
0
-1
-1
5
-2
-1
1
1
0
-6
-1
5
-4
4
-2
-10
8
-6
64
7
-2
-6
2
7
-8
1
-2
-4
-15
0
30
-3
2
-2
5
3
7
1
-1
10
2
7
-4
5
-9
4
-1
4
9
2
5
-2
1
2
-1
8
-3
-9
0
4
3
-1
4
3
3
8
5
4
-54
17
9
-16
7
1
-3
-7
-7
-6
15
3
7
2
11
3
13
7
12
-1
-11
-9
-9
-10
6
-18
-8
-8
-5
9
2
3
7
-4
-10
-8
10
20
0
6
7
-2
-1
2
-1
-8
7
-8
-72
-6
-14
-10
-2
-9
0
-8
-10
12
-20
9
5
-2
-5
-4
0
0
4
27
8
-2
5
0
4
0
0
13
9
-7
-7
3
-54
2
-7
0
9
-4
2
14
1
7
-80
0
-3
4
6
0
2
-7
0
-4
-6
-7
-3
9
-64
4
0
-12
3
0
-5
-12
4
-10
-5
-7
-15
-5
4
0
-8
-2
8
1
7
-4
7
-7
0
7
-9
-63
1
8
-2
7
12
0
3
-10
7
-1
-4
13
-6
-15
9
-4
-10
3
5
-9
6
1
0
-8
1
0
-2
-8
-7
-1
4
8
-7
1
-8
-2
-1
4
9
-9
10
-1
3
9
1
4
0
-1
-4
6
2
5
-5
-6
-10
2
-1
-3
63
-8
-5
9
-15
42
0
6
-3
-9
7
2
-6
8
-2
-5
9
3
12
4
-3
3
-18
-6
4
14
-2
9
-9
0
7
-5
-5
7
4
8
14
2
-1
0
18
-1
7
6
-16
6
-3
-1
-60
12
0
1

Calculator off.
