-4
-2
-36
-5
-3
7
3
8
2
3
-1
2
-1
-8
-3
-10
-15
-3
1
-9
8
-35
5
-9
9
0
-1
-63
-2
0
-4
-4
4
-9
15
0
-6
0
-8
-7
7
1
2
-3
6
6
-5
9
5
3
3
1
-3
11
-2
2
0
-4
4
-1
9
6
9
-2
13
8
2
-3
7
2
-4
-3
-5
0
1
-6
-7
-3
2
-9
0
-7
-3
0
0
-5
-10
-1
12
-5
2
-4
7
6
9
3
9
-4
-2
-30
0
9
-6
4
1
10
-12
-1
-7
6
18
9
9
0
6
8
12
-7
2
10
-9
0
-8
-5
7
-14
12
4
6
-4
9
1
7
4
-7
9
8
1
-1
-4
5
-9
0
-14
3
8
7
9
4
-5
1
-1
-5
5
4
0
9
1
5
4
-3
4
8
-1
12
-3
4
-1
3
-7
9
8
1
1
-1
8
8
-14
-4
-12
9
5
2
1
-1
-12
-7
0
17
-1
7
15
4
2
-1
-1
15
0
2
-1
6
3
0
-7
-2
0
9
-3
1
-5
6
5
-10
8
15
4
-2
2
-2
6
0
2
6
-6
3
-3
-2
18
-1
1
-4
4
4
-9
9
4
0
9
-10
7
2
56
3
8
-4
-3
3
3
0
-6
9
7
-1
7
12
-90
2
-4
5
-1
8
4
-4
-1
-8
-1
-5
-7
2
-4
0
-8
-6
0
-4
-5
-9
6
-1
-3
-11
dividebyzero
-11
5
-6
0
-4
-6
7
5
1
-3
1
8
8
-20
-2
0
-15
9
6
-8
9
8
1
6
4
-2
2
-8
7
-6
2
-7
-1
-9
-7
9
-1
-4
-24
1
9
0
9
-1
-4
-10
-1
1
-2
-3
-10
-3
1
-8
-1
0
1
7
-1
-12
-15
13
4
-10
-2
-3
-10
-13
0
13
-2
14
-5
6
-6
-6
-2
2
28
3
-9
-1
-9
-2
-2
0
0
-1
3
-7
0
-5
-5
0
1
3
2
-2
-1
0
7
-18
2
-8
6
5
3
0
1
-1
4
-6
0
-4
12
0
2
5
0
16
13
1
-18
4
-24
-2
0
90
-7
-1
-9
0
5
-7
9
4
-3
-1
0
-4
0
8
0
2
14
3
-2
-7
7
5
7
4
-7
-2
9
-6
-3
-3
-6
-10
6
-6
0
-21
7
0
-4
-1
-9
2
-9
-9
1
-6
7
-4
-2
0
-8
-7
5
5
11
6
-6
7
0
-1
8
0
3
-2
3
-8
-6
-6
7
5
7
9
14
-45
8
-6
-13
4
-21
-1
-9
-1
-5
-9
8
4
3
-4
8
-3

Calculator off.
