5
-2
9
-9
1
15
5
15
-6
-3
1
1
8
-9
-8
-8
2
-9
-2
-1
-8
-7
3
12
2
-5
0
-4
3
5
-4
6
10
3
-45
6
5
2
-6
-5
5
-7
-1
3
8
-7
-9
7
0
-2
18
1
-9
0
9
-1
-3
-3
1
-7
-8
-11
0
-4
-10
-10
4
-2
2
-6
-7
-9
5
-4
-1
2
-2
-11
6
-8
12
40
-40
-5
-10
6
0
0
5
8
6
4
7
-9
18
4
14
3
2
4
-10
4
-5
6
0
-10
-2
9
3
-1
5
0
-1
-2
-1
-6
4
11
6
7
6
-7
-4
-1
-7
-18
1
-1
3
6
-5
2
6
1
0
0
-20
0
9
-1
-4
3
2
7
0
8
0
14
-3
-4
15
-16
-10
0
-8
-6
4
1
-7
-4
4
10
2
-3
-6
0
-9
-10
9
-8
-5
-9
-9
-1
2
0
-3
-3
-4
-11
-1
4
-8
0
-8
4
-7
3
17
16
-1
-10
-5
-32
9
3
-7
-5
-5
0
-1
0
7
-2
-9
12
-7
9
0
-1
30
-9
5
-2
10
-3
11
-1
4
-9
9
9
0
3
8
-7
13
-9
-6
1
0
0
-8
1
0
7
-10
5
56
-6
-10
-16
-5
1
1
7
7
-6
49
-6
5
-5
8
-6
-9
3
-8
0
0
-8
5
-5
-4
8
5
-12
-1
4
-7
1
3
-16
-10
-10
6
6
1
6
-1
-10
0
-2
3
8
-10
2
5
-6
13
4
3
5
9
2
0
-9
-7
-18
-9
6
8
-10
14
6
8
0
2
-5
-8
4
4
8
-14
-12
-7
-1
8
7
4
9
-1
-1
-6
3
-4
8
-15
1
-10
6
35
6
-2
-4
9
1
17
2
-7
-5
2
-2
0
11
-1
0
-1
3
-3
9
-5
-3
-14
-3
-2
-7
2
0
1
-5
-1
-1
-5
36
-2
7
-10
-10
-5
4
7
-9
-3
8
2
3
-6
9
0
-4
13
14
-27
0
7
0
-12
-9
4
-8
-4
-8
0
-2
1
-5
9
-10
-7
4
-1
-2
0
0
3
-6
-2
7
-15
-3
1
-1
9
-2
-1
-1
-13
-9
13
14
-4
-4
0
16
-8
15
1
2
2
14
-7
-1
13
-8
1
0
-10
-7
-2
9
-1
4
6
-8
0
3
2
6
3
-8
12
-9
-4
1
1
1
-8
1
0
-8
-25
0
-9
-3
0
15
0
6
-16
0
-6
-3
1
5
-9
15
7
-3
-1
-7
1
-1
7
20
-9
4
-9
1
-6
-6
9
-1
-9
-1
0
7
1
-1
6
-8

Calculator off.
