1
-5
-3
-6
-3
-11
1
4
4
0
-8
0
14
-8
-7
1
0
-8
-6
2
-5
-6
3
-10
-5
-5
-3
-5
3
-9
-4
-6
3
-28
2
-1
13
-2
-2
10
40
7
0
-3
7
5
6
-7
3
2
6
3
0
-4
5
-4
0
4
-9
3
-5
-9
4
-5
-11
2
-7
7
4
-1
7
3
-1
1
2
32
-10
-27
-6
3
-3
5
-7
-9
-9
-8
-1
-15
63
-8
5
-1
0
2
-3
6
35
-2
-18
3
6
-1
6
-12
11
12
0
-1
1
10
15
3
-2
0
0
0
1
-1
-7
-9
-5
3
9
-11
6
4
8
3
-5
0
7
1
-2
0
21
8
3
-7
0
-7
9
2
5
-9
-1
-2
-1
-1
-6
-3
-1
0
7
-7
0
4
5
-7
2
3
0
12
-5
0
-1
-9
-1
0
8
-8
0
-7
9
-9
1
9
1
-5
-3
-4
8
-1
64
-5
-15
-7
-9
-3
2
-7
-5
0
-1
-12
6
-8
0
-19
5
1
7
-4
3
0
-5
1
1
7
1
-1
-21
6
2
-1
-6
-10
0
7
0
6
6
-1
4
0
0
3
9
7
2
0
5
4
-2
5
11
1
3
4
-28
-6
1
-9
-18
0
-6
0
-1
1
-2
0
3
-6
-5
-1
-7
-1
2
9
3
5
7
4
0
11
-12
-4
-2
-5
0
2
-3
-9
4
3
5
3
6
2
-2
9
11
-8
3
8
-6
-6
-2
-3
7
9
-1
12
7
-4
-14
3
9
0
-9
-14
-7
-72
-3
1
-6
-4
8
7
-9
-2
8
-1
-1
0
10
-10
1
-10
-18
-7
1
-1
-8
7
8
8
-1
6
-8
18
-2
-6
-11
7
-4
5
0
-7
6
-12
-4
3
14
-9
-10
2
4
0
4
2
2
4
-13
-4
0
2
4
-7
-4
-4
0
-4
1
9
4
dividebyzero
-8
3
9
-4
-3
-1
-4
0
-4
13
2
4
-7
5
-9
-10
3
-1
4
9
-9
45
10
5
-9
-15
-3
-3
3
2
13
4
-2
8
-2
-8
-4
8
1
16
4
36
-3
0
-1
-7
-1
11
-1
2
6
7
7
-8
10
-6
-12
-8
-3
-9
-3
1
8
5
-4
4
2
12
1
-4
13
-1
7
-2
6
3
9
-3
5
-8
1
1
7
-2
0
-10
-1
5
-3
4
-7
-3
11
2
0
3
-5
0
8
-3
-1
-2
9
-4
9
-1
6
0
5
-4
60
8
-2
-1
8
0
5
6
-1
7
8
-7
7
0
-7
-8
-3
-1
-1
8
8
6
8
5

Calculator off.
