42
4
6
-10
1
-9
-14
-10
-15
-4
2
-10
-1
-56
7
-5
-9
0
9
-1
-7
9
-5
-7
-3
1
-6
-1
-13
1
-7
13
3
-3
-3
4
-2
-3
18
-6
0
-45
32
-6
-5
0
1
1
12
-10
-10
-12
-10
2
9
0
-2
7
3
-15
9
2
1
-1
-9
-1
1
5
-5
-56
9
1
-9
30
2
0
0
-13
1
0
-4
-48
-7
10
8
0
11
-12
9
-10
-4
-7
1
-8
8
-15
-3
5
1
2
-2
-1
-8
-10
7
-7
-9
6
-6
-8
18
1
3
13
1
-5
-1
-9
8
-12
-15
2
-10
-3
2
-8
-1
-14
2
-7
-36
6
-3
-5
6
8
-3
6
-6
5
10
12
-8
0
-2
1
1
-9
-3
-3
3
6
2
8
-7
40
-8
-7
-2
-5
-9
-10
3
-4
-7
-3
2
-3
-2
5
-7
1
-4
-1
-7
3
-1
-10
1
-21
3
5
14
-9
4
1
7
5
0
2
-9
3
-6
17
7
8
8
7
1
4
-7
9
-2
-5
-14
-11
-6
-3
2
-1
6
7
5
-10
-10
-1
8
-4
-1
-4
3
-2
-8
-1
-10
5
-8
4
3
1
32
1
-16
0
6
9
-5
3
9
-11
3
-81
-6
-5
2
-63
-9
4
8
-9
-9
-11
-2
-1
-6
0
-2
-1
0
90
-1
0
54
1
3
-10
-3
8
-4
-6
-6
-5
-8
-7
1
-5
6
2
-6
-9
0
5
-11
5
-1
-9
-2
-5
1
8
7
-2
1
10
17
7
-6
-4
4
-45
1
11
4
2
0
-7
-14
2
2
6
-1
5
0
7
-2
-4
3
-4
0
-4
4
-2
-4
7
-15
0
5
-6
-5
-9
-2
-7
-9
0
-1
-16
-4
-9
4
-10
2
3
-6
-9
6
-5
-5
9
-7
-3
-6
-10
-3
-2
6
-3
-2
4
2
-6
16
60
4
3
-14
-45
6
1
1
8
-5
-5
-1
-1
-15
-1
4
-1
-5
6
5
7
-8
8
0
-2
0
-5
-3
7
4
-6
-4
0
-1
-3
-8
9
-6
0
4
9
-10
-2
0
-9
3
-4
-5
1
-10
7
-9
9
-60
-8
-3
4
4
5
-10
-5
-3
-10
-3
1
-2
1
2
0
7
13
1
-3
3
0
7
-14
5
1
-4
45
7
-10
7
-3
2
1
-9
-4
-3
-6
-4
2
8
-1
-2
0
0
2
15
-2
-1
3
-10
-6
9
-8
-1
3
-6
0
8
-8
0
0
-2
-8
-6
4
-80
6
17
-20
11
-1
13
-1
5
-1
14
-3
-3
7
-2
4
-10
-1
-6
0

Calculator off.
