-3
2
2
3
1
14
9
5
-9
-12
3
1
4
10
0
-8
-2
7
-4
-8
1
-1
0
6
-3
9
6
10
-12
1
2
-3
-6
0
-10
2
18
-10
11
-10
-7
1
0
1
80
-8
6
1
9
4
-2
1
9
-3
-5
9
1
-6
2
9
9
4
7
2
1
0
5
-2
-9
-13
0
-1
6
-16
-6
-8
-1
-5
4
21
-9
-6
3
7
-3
24
7
-8
5
-3
-10
-7
1
-1
-7
2
-2
-3
7
-6
3
0
1
5
8
-7
10
-2
-2
-3
7
2
-8
6
0
-1
-4
2
-7
-13
-12
-5
-5
-8
-8
8
-3
-2
-16
9
9
-13
0
-4
5
8
-4
-1
1
8
5
4
7
1
-1
4
-5
-5
1
-6
-2
1
-7
-7
-5
1
0
6
5
16
4
0
-7
7
2
-7
-8
-1
0
49
7
11
-8
-7
72
2
9
-9
9
-2
4
24
13
9
0
-36
-5
8
-8
-8
3
0
-7
-1
5
5
2
7
9
0
4
1
5
0
7
-8
0
-8
4
-7
0
2
-7
-7
-5
5
8
2
2
-6
5
0
-10
-12
1
-1
5
-6
0
-9
6
-4
-20
13
5
-7
-5
10
1
8
3
-70
-4
-1
-6
5
-4
1
11
-1
0
2
-1
15
4
-8
9
50
11
6
0
2
8
-5
-12
-9
7
2
0
-3
-6
5
-3
8
7
-12
-2
6
-6
5
9
-1
14
5
-9
4
3
5
-8
-10
-1
8
1
-1
-2
-9
-2
-8
-9
-6
6
-7
-15
13
1
-1
-6
-30
1
0
-6
-10
6
-15
-2
2
-2
-1
-16
7
-10
-18
0
7
7
4
-4
1
-1
12
-10
5
4
-14
1
11
-6
3
7
-4
-6
-14
-5
-1
8
-11
-6
-2
-10
15
9
6
6
-4
2
-17
8
9
-7
-1
1
-2
-2
-6
13
0
dividebyzero
18
-7
1
-3
-40
-9
7
1
-1
0
1
40
9
-2
-4
-2
16
-13
3
-11
2
8
-4
4
7
9
6
5
5
8
-16
2
-8
-5
-4
-4
-4
0
-2
-8
-7
-8
9
6
-3
-2
-8
-4
49
-45
-13
70
-5
4
2
7
6
3
1
6
0
3
2
-72
-1
-2
-9
-7
15
-3
9
2
1
7
2
4
9
-9
-4
10
0
13
9
1
-4
9
-10
8
-2
-8
4
8
-8
-4
6
7
-1
8
2
-9
-12
11
-16
2
-3
2
-6
9
7
8
-10
-9
-5
8
3
-8
-3
-35
8
-2
-9
-5
6
-49
-4
-2
-7
0
0
-9
-7
5
2

Calculator off.
