7
-8
28
-2
-4
3
5
-16
-10
2
2
-4
0
-9
-5
1
3
1
8
6
7
10
0
7
-4
9
12
4
-1
6
-3
1
-10
1
-9
16
-1
-4
8
7
-10
18
1
-4
-8
3
-7
-1
5
-7
-80
3
-8
4
-3
-35
-5
-10
-7
3
6
24
2
-11
4
-1
-10
1
5
-9
28
8
0
-4
-70
3
0
-3
2
-5
2
-4
1
5
8
-3
-40
-9
2
-3
9
10
9
-5
0
-8
3
2
20
1
3
28
0
-2
12
0
15
-11
-6
7
-5
-3
9
-7
-1
5
0
8
7
0
2
3
-9
-9
0
8
-8
0
0
0
-3
3
-42
-8
0
4
-13
5
-16
4
4
-8
-8
-1
1
-1
-4
0
-8
-7
-2
8
-1
13
3
-16
14
-7
7
8
-8
13
3
12
-8
-1
-8
-15
2
2
-9
-4
-8
2
-4
-10
-8
-13
5
8
0
-1
-8
5
5
-3
6
1
0
-8
0
-1
-10
1
6
8
2
-11
-13
3
5
-8
-9
-10
-5
3
-8
-8
-2
0
-15
-3
2
0
0
12
-10
-6
7
8
-3
8
9
13
-20
-10
-24
5
1
-2
4
-4
0
-7
3
7
14
6
-8
-6
17
-5
-6
0
-5
7
-5
-6
-8
-7
-5
-15
-14
6
-4
0
0
-1
-48
6
-1
-4
3
8
14
-10
3
-7
-25
8
9
-9
1
-5
0
-3
5
-13
3
1
-1
1
-5
-10
0
9
7
-6
0
4
0
-5
-5
7
5
9
-13
-1
6
-4
-8
9
0
0
-9
6
2
-4
3
-5
0
-9
-2
-7
-1
-4
-10
-4
-32
7
-1
5
6
7
-1
-1
-2
4
-3
-9
-2
-9
-54
-6
12
0
-8
0
0
-7
4
-1
14
42
15
0
2
9
18
-11
0
5
-7
-1
15
-11
-5
9
-4
4
-5
-8
5
1
-5
7
1
-9
3
4
-4
4
3
2
3
-5
-6
2
5
-10
-60
-10
-1
9
-3
-1
13
-4
-4
9
-8
5
-2
-8
1
8
-1
8
-7
-4
-11
-25
8
6
-3
7
-10
-1
1
1
0
-9
5
0
-9
3
-2
-2
-1
-7
-2
-3
-4
1
1
-5
-6
0
-4
-5
-11
1
0
0
7
-16
-8
4
1
-8
-1
6
-3
20
8
0
-12
-4
2
4
21
5
1
-2
-90
0
6
-10
7
-1
-8
0
-1
-3
5
28
-3
-3
-7
-3
-4
8
5
3
4
0
2
-2
8
8
7
-10
35
1
1
0
-8
-6
-4
-5
-8
5
-5
-6
9
7
-2
-1
7
-7

Calculator off.
