1
4
9
-4
-10
1
90
-9
9
0
2
-1
-6
1
-2
0
-5
5
4
5
3
6
8
-4
7
-48
3
4
1
3
2
4
-81
13
0
7
-8
4
-13
-5
-1
1
-2
-1
-3
-7
-4
-1
6
-16
2
3
1
0
0
9
-3
-2
0
-12
-2
25
-5
7
9
-8
9
1
6
-8
2
5
-24
8
2
42
5
-8
-3
-2
20
-10
2
3
-6
-5
-2
-1
50
5
-6
-2
-4
-2
0
-3
-1
-2
4
8
8
-9
2
-7
-11
8
1
-1
-2
2
-3
9
-1
-6
1
-14
-6
-6
3
3
7
4
3
0
2
-9
-42
-12
-9
6
35
-20
9
-3
-6
-1
5
8
-2
-6
8
4
7
-3
1
7
-10
3
24
-2
-10
6
-8
0
-3
-24
3
-2
-1
-4
5
-5
7
-12
9
1
-1
7
5
-4
-16
-9
-8
-8
-2
6
6
2
8
-17
-8
-5
0
-5
0
-9
-4
8
-11
2
-30
-7
-4
9
4
10
-11
-4
-8
-2
-7
-3
45
-6
-1
9
1
13
6
5
-1
10
0
4
8
-8
-3
1
-2
6
-6
-9
7
4
0
2
-6
-9
18
-5
7
3
21
2
6
4
-8
3
2
-7
3
7
-8
-13
-2
-2
-7
-1
-1
5
60
1
3
6
-2
2
-1
-6
-7
8
-3
1
-11
-3
4
-19
8
-1
6
2
16
0
12
7
-3
2
-6
7
0
9
0
-2
12
-6
-70
4
-9
2
1
6
8
9
-9
8
-4
-2
-9
9
32
-8
2
-5
-8
-4
14
0
8
-2
3
-14
4
-8
9
-2
-12
-5
-3
6
-60
-2
-2
-2
12
-5
4
4
8
9
4
-15
-1
-5
7
7
-1
-5
-18
2
-9
-1
-10
-4
0
0
0
-7
-8
2
6
6
4
5
-11
0
-9
1
4
5
-5
-3
0
-9
0
5
15
7
-10
-4
2
-7
-2
3
13
-7
56
-3
0
0
-8
-1
-5
11
-2
9
0
-3
-6
-2
2
-5
6
54
-5
6
-5
5
-1
-7
-10
12
-5
-1
2
8
1
3
8
-9
9
7
-6
2
2
-12
-3
0
-1
1
2
-8
24
9
-4
0
5
3
-8
4
-9
-1
8
3
12
-5
8
0
-8
14
8
-9
6
4
8
7
-1
-9
-1
0
-9
-9
-15
7
-9
4
4
1
-54
-6
-9
7
6
7
1
-1
-8
-3
4
-14
-7
6
-3
-6
9
-8
6
9
35
8
13
-6
0
-18
3
-2
-7
3
-3
4
-13
5
4
-28
7
-8
2
6
-1
0
0
-8

Calculator off.
