1
-9
5
6
0
-8
-4
-2
-5
4
1
-2
9
-10
-8
-10
-5
8
-3
-4
-13
8
-19
1
-7
4
3
-4
-7
14
-7
-2
0
9
5
0
6
6
-18
-6
40
8
-9
-2
0
-4
-6
0
2
-5
9
-16
6
-10
25
-3
-2
-6
-1
-2
4
-7
8
8
8
7
8
-7
-3
6
9
-3
8
-2
0
3
6
6
-5
-10
2
4
-5
4
-6
3
0
-1
16
-16
-5
-4
9
7
-7
-8
-1
14
-1
9
8
36
18
-3
-7
0
14
4
-2
1
-5
7
1
-5
-12
-1
0
-9
2
0
6
-6
6
-6
2
1
1
-5
-1
6
2
-5
0
-5
-20
-12
6
8
-7
11
-2
60
3
9
-7
7
-6
8
0
-6
-5
-2
-8
-1
-9
4
-4
4
-9
-9
-50
-1
3
5
-4
-9
3
-2
-1
4
-10
2
-18
-10
6
-6
-6
-1
-1
-3
-6
-13
9
6
3
1
2
-7
1
-5
1
-10
8
6
2
-3
5
-9
5
6
5
-6
2
4
-8
7
0
-7
-9
9
0
0
-8
-9
-4
13
-1
1
8
-6
-6
2
9
8
-4
-9
-2
-3
7
-10
-5
1
-1
3
-5
2
-1
1
6
-5
-2
-1
-1
7
-4
3
5
-3
8
-2
-1
3
1
-2
-8
-2
-4
-1
0
3
-5
-4
-54
-63
-6
-5
-1
6
-8
4
2
-7
0
-8
-7
-4
-1
2
-36
-10
-2
-6
7
1
-17
45
-3
1
4
-14
-5
7
-6
-9
-17
-8
-6
2
-3
-10
5
-3
16
-8
35
7
0
-1
-10
6
0
11
56
4
2
-1
-9
-6
3
-6
1
10
3
-3
-8
-7
4
-7
0
-12
7
2
-7
-8
2
-10
-1
6
3
2
-10
-6
-1
2
-6
-7
-6
8
-1
-2
-10
-6
-9
-2
-12
9
-8
2
25
18
-2
-12
9
4
0
-10
9
-2
1
0
0
0
12
-6
-2
-1
-6
1
1
-7
0
7
6
-10
5
0
30
-2
-10
-3
7
-1
-7
-4
3
-3
-3
0
3
-5
dividebyzero
3
1
-9
-3
5
-9
-8
-5
-9
1
4
-7
0
15
0
7
9
-5
5
-5
9
-2
-12
12
-9
-10
8
-6
-10
1
0
-7
6
2
4
5
-3
-4
-1
4
-10
-4
-5
6
5
-5
-5
4
10
7
-1
0
-8
3
5
1
2
3
-8
-5
-8
-2
5
-4
-14
7
4
-80
3
2
-8
1
0
-6
5
0
4
-8
-6
3
2
1
9
-6
-2
7
-5
9
-3
9
-6
-12
6
-5
-1
0
7
9
-10

Calculator off.
