-6
-3
-8
-4
4
-1
3
8
-6
2
8
-2
1
0
2
9
-3
0
-17
3
-7
-6
5
-3
-48
2
-8
5
1
0
5
-12
0
7
-2
3
1
4
8
0
3
-6
-1
-9
-1
1
9
5
2
8
-9
6
-9
-3
-1
-13
1
-3
0
-8
-9
10
5
14
-6
-1
-2
3
-7
0
-6
0
-1
-3
-2
5
3
6
9
-8
-10
0
-5
15
8
-10
-1
-36
-24
2
7
-10
-2
-2
3
-4
-10
-6
-6
7
-3
-5
7
-2
-1
-4
2
-1
7
8
9
9
-4
7
-2
1
14
10
-5
-8
15
0
17
0
-1
2
-2
-2
-7
-17
-9
0
-1
0
7
1
5
2
-9
4
-3
-9
15
7
7
-5
0
-9
8
-50
-9
0
0
-4
0
2
2
6
-9
3
-7
5
-1
-4
-9
2
-2
-2
-7
0
-7
-7
-45
-5
-9
-56
-2
4
8
-7
-7
-12
0
-6
8
9
8
2
-12
0
49
-9
-9
-2
16
-10
7
7
10
-1
-9
18
1
-5
-2
-15
5
-3
3
-5
0
-7
3
-8
50
-3
2
4
4
7
2
-9
-8
-3
9
-8
4
-6
-7
0
2
1
0
-1
-3
0
9
-2
7
-9
-3
-6
5
2
0
-9
-2
-3
2
-12
5
-4
3
14
2
1
0
11
-8
9
4
1
-3
0
-6
-18
-1
8
8
-2
6
2
7
-3
8
6
4
2
-4
-2
-10
-3
0
4
0
5
-4
1
2
-5
1
5
12
-1
0
-3
8
-8
-20
-3
-8
2
-5
8
9
6
4
3
7
4
4
-2
4
-5
-10
3
-2
4
7
-7
-1
-8
0
-8
-4
3
0
4
4
9
3
-10
-7
3
-5
3
5
8
0
3
-30
9
3
6
-8
5
-9
-63
13
1
-4
0
-1
4
-15
3
-6
11
-3
0
1
0
1
9
8
-1
-6
-1
5
3
8
7
5
6
36
13
-4
4
0
3
3
1
2
-5
-5
-3
4
-1
-7
-12
9
-1
-8
0
-6
11
-9
-2
-9
-1
-16
-2
5
5
0
9
-7
2
8
-14
1
9
-6
1
-3
6
7
-2
-9
6
-6
-8
-10
-28
-24
-3
4
0
-6
-8
-1
7
-7
3
-7
-5
2
8
6
-9
-10
0
-4
-12
7
-10
-3
4
-9
7
5
-3
7
1
-7
-11
5
2
-63
-9
0
-9
-6
4
4
-3
1
30
6
7
4
1
-2
42
-3
-5
4
8
0
-1
-9
-5
10
-8
-3
-5
-1
-8
-2
7
-5
-1
-6
4
0
-7
11
6
-8
7

Calculator off.
