-3
-2
0
2
1
0
13
-7
-1
2
2
-14
-3
12
-5
8
1
6
6
4
7
-3
0
-2
8
0
3
1
60
-10
-3
2
-3
-7
-10
0
1
15
-7
-8
8
-1
-5
-8
1
0
3
-2
-2
9
0
-5
-6
1
5
-11
-10
0
-7
-10
48
1
0
-8
-12
-8
0
1
-2
-6
-3
3
8
6
-45
-14
-2
-3
3
3
-3
-7
1
2
1
0
3
-8
3
6
1
-3
-4
-5
0
2
9
-7
-6
-9
0
-1
1
-3
-4
6
3
3
0
-2
6
-10
-5
2
-9
-8
7
-3
-10
9
4
0
-10
3
0
-4
2
5
12
7
5
-5
-9
6
3
-5
4
0
0
-2
-8
-15
3
0
-12
-10
-2
-4
5
-7
-13
0
3
0
-6
-10
7
-3
-1
-15
3
3
3
0
-9
2
-1
-2
-14
7
-10
0
-9
-4
8
-11
4
0
9
8
-2
4
2
-9
-5
-4
-9
10
2
0
-7
-4
4
-15
6
-3
-3
-5
9
8
-1
2
4
4
-7
2
-36
-10
-12
-9
2
-3
-4
14
-1
-1
-1
2
6
-4
-7
-2
8
-6
-7
-2
-10
-4
13
-8
-4
8
9
-8
-2
-36
-1
0
48
-8
4
-5
1
-10
0
-2
1
9
-6
0
7
1
-1
7
0
4
7
2
-2
3
9
2
-5
-20
-8
-49
-3
-9
2
5
-9
-9
6
6
-2
-7
6
7
-6
-4
0
-7
0
8
-3
-30
-10
-10
-10
4
-9
-8
-2
2
12
-3
9
15
-6
3
-7
9
0
-4
2
-9
6
4
9
-8
-1
-4
-7
4
-5
-2
-10
5
-1
-9
-1
7
9
-5
-1
6
-4
-5
0
5
5
-2
-6
-6
4
-1
-1
0
-1
-1
-1
1
-15
1
-4
-1
-8
4
-6
-9
-6
-4
-2
-7
-2
6
0
-7
0
-2
-7
5
-1
-2
-6
-4
-7
4
-2
-9
-6
-6
7
-1
-6
2
-9
5
-2
-3
-7
-5
7
-7
1
-8
-8
-10
-13
-6
-4
2
3
4
2
-1
8
-10
0
5
-5
0
-6
-1
1
-2
-1
-4
2
0
0
-2
4
6
-1
-1
-1
3
5
1
3
-6
-8
1
-10
0
-7
-3
-5
3
-4
1
7
2
-5
0
-1
-3
11
-15
2
-5
4
7
-3
-7
8
6
16
7
1
-2
8
0
8
-45
-2
9
-1
-1
-9
6
5
36
0
-2
-2
3
15
2
12
0
9
1
2
7
-2
-1
9
-8
-10
9
-11
5
6
-16
-3
48
2
4
-7
2
0
13
-7
-7
25
5
-1
4

Calculator off.
