-2
0
-6
-3
2
-1
-10
-1
-1
-4
-9
-7
0
-9
2
0
8
-3
-8
4
3
6
80
-3
5
-8
4
-2
-9
-6
-5
9
-6
1
5
8
10
1
8
-9
9
0
5
-2
-72
-7
9
-5
-10
-5
12
-5
-5
1
12
-3
-2
1
-10
12
-7
-8
2
-16
1
-13
6
12
-9
-6
1
0
5
1
-10
9
7
8
3
-3
0
2
0
2
1
-5
4
14
-1
-1
-1
0
-3
3
0
-3
-8
-8
-9
-42
-8
10
4
-6
1
-27
-16
4
-1
0
5
14
-1
-14
3
0
12
-11
-2
0
-2
2
9
8
-10
0
-7
8
-6
-7
-1
-3
-3
-5
6
-5
0
-9
-10
-8
2
-6
-36
5
-7
1
1
9
-6
7
12
2
3
-1
-3
6
-6
-1
8
-2
-2
-3
3
-9
-9
-8
0
4
-6
7
2
4
4
4
-6
4
-15
-1
6
-2
-9
-1
9
6
5
0
-5
10
-6
1
13
7
-1
0
18
11
-4
-3
-11
0
0
-7
0
8
-6
7
-5
-5
0
-10
-4
0
-3
9
8
-3
-2
8
-9
-8
1
7
-4
-7
2
-1
72
11
5
0
5
-8
4
-4
7
3
5
-2
3
0
-3
16
2
-9
-14
-10
-10
2
-6
10
7
7
-19
-1
9
-7
-14
-2
7
8
-10
-2
9
-1
0
-9
5
-35
-3
-5
-1
-5
4
4
-8
-9
0
-10
-1
-13
-7
6
6
1
5
-6
-3
-11
7
9
1
-3
3
8
30
-1
0
7
-6
36
8
-3
7
70
-3
0
-15
-7
-8
7
4
-12
2
2
0
1
6
4
4
-9
-13
12
18
8
-42
6
-11
-36
-7
-9
-2
0
2
-4
-12
-10
0
7
1
7
4
-6
-18
12
0
1
2
9
-7
5
3
-9
8
-6
7
-2
-9
-1
-5
-9
-1
6
-7
-3
0
0
9
-2
14
-1
1
5
7
-1
1
-1
2
8
2
1
-3
4
-10
6
3
-1
-2
0
3
3
-1
9
-2
0
4
0
-6
-10
-7
3
7
-9
1
-2
4
6
8
-5
-2
63
0
2
9
7
-10
9
-1
-13
-8
1
-10
7
-9
-9
2
-48
1
-5
-2
-8
-8
4
-18
-3
-9
-18
8
-8
-8
-1
4
0
4
14
-6
-3
-8
0
6
-3
5
-8
-10
8
-8
0
4
-1
3
7
0
9
-4
2
-9
-18
9
-10
1
-6
3
5
7
-3
3
4
-4
-2
-3
0
5
2
-8
9
-2
8
0
8
-1
12
2
-14
-1
3
9
-4
2
2
4
6

Calculator off.
