9
-5
-9
-1
-8
-6
4
-6
-5
7
-1
-3
9
8
0
48
-6
5
-3
-5
-2
-3
-2
-7
13
4
-16
-3
6
2
-5
7
-2
-4
-1
0
-4
9
7
-2
-9
2
4
5
18
7
1
-10
-8
10
-6
7
9
3
1
3
8
0
5
6
-1
72
72
-3
6
18
4
40
-4
12
4
9
-3
-48
-24
-3
-6
-7
5
-6
9
-1
2
0
-4
-2
4
8
-6
11
9
6
2
-9
-2
2
18
1
7
-2
-63
3
-40
-2
-5
7
1
1
3
-14
1
7
1
5
15
-7
9
10
-3
-5
17
8
2
3
5
1
-4
0
-12
-5
-10
-1
-4
8
-6
11
1
-1
-11
-9
-9
-9
-7
2
5
-1
0
-3
6
-5
0
-1
-5
-2
0
1
2
1
-15
-7
-3
-1
14
12
6
0
-4
7
9
-36
-7
-1
-9
0
-8
0
7
-9
-1
5
-12
5
7
0
-4
-9
5
4
7
7
4
4
-12
3
-5
-3
-2
9
-12
-3
-9
63
4
-1
-3
-8
-1
-9
-1
-4
4
-11
-1
-5
2
-1
4
8
-6
-2
6
-1
8
-2
-5
0
0
-7
-2
8
14
-14
0
7
6
6
7
14
-10
-4
-2
-2
-8
10
-5
6
36
13
-8
-5
-9
-12
-3
-1
0
6
0
-10
8
-24
-5
1
-1
-2
9
8
-15
-1
10
1
1
-1
-10
-1
3
-7
-6
-2
-1
7
4
2
-5
-7
3
2
0
-7
-1
2
-10
4
-4
90
-10
-6
-4
-1
7
56
9
-14
-10
-3
-9
-15
1
7
3
-2
-4
-9
-18
9
-5
3
-7
-5
-13
3
8
8
4
0
4
0
4
-4
-2
36
2
-2
0
8
-2
11
3
-6
1
2
-3
-3
0
-8
-15
-10
-10
-6
3
5
-3
1
-5
7
-16
-1
4
-5
-7
-5
4
5
-1
-5
-9
8
-8
-10
-6
2
3
-9
-2
-1
-7
-2
-12
-6
2
-5
-1
-3
-2
9
-3
8
0
-2
7
-13
-4
-2
-7
1
-3
6
0
0
9
-8
3
0
-3
2
2
-7
-1
0
-13
3
7
-8
-32
10
-8
-10
-7
-2
-8
-1
5
3
8
2
7
0
-7
8
1
4
-7
0
-9
-6
80
8
-1
-10
14
-5
-8
2
18
-1
3
28
3
-16
0
5
2
-2
-1
-7
7
0
3
7
-4
-4
-5
6
6
5
1
0
8
-1
6
-4
-3
-2
5
12
3
-7
-9
4
-3
1
7
-5
-2
-15
-1
8
-12
-8
-4
-2
8
-3
4
6
1
-24
3
1
2
-6

Calculator off.
