-9
-7
-2
0
-6
8
-12
1
-1
-13
11
4
7
-9
0
-2
-10
-7
5
-32
1
-5
15
0
-6
-5
-1
3
-6
1
0
0
-5
3
0
6
2
1
8
-8
-2
0
-3
8
-2
-2
-16
-7
4
-12
8
4
-6
4
6
3
2
1
18
-3
-5
3
5
6
-13
18
-7
-6
-3
0
-5
4
-7
-10
-6
-10
2
4
-1
-8
1
3
-3
2
-7
1
-8
-30
-10
60
-9
-1
4
-9
48
4
0
2
0
-10
4
5
-8
5
-6
7
-3
-2
-3
-7
1
6
-12
0
-8
-2
0
3
-4
-8
-2
5
5
7
5
8
1
-1
8
-7
0
-11
-4
6
-8
-7
6
-2
-10
7
-4
-4
-1
0
48
-5
-10
2
-2
0
8
-8
-11
3
-6
0
3
-3
-8
-10
-3
-3
-1
6
10
5
20
-9
6
-9
-10
-5
7
-10
-7
-9
-8
8
-7
1
0
-1
-2
-1
3
0
-1
-10
2
1
-6
10
-36
6
3
6
14
0
-2
5
9
4
0
-5
-3
-1
-9
-4
-3
-7
-1
-5
1
0
2
2
0
-16
0
-8
-2
-4
-10
7
6
8
7
-1
28
-1
-6
14
0
-1
0
12
-4
0
4
-2
-8
-1
-17
8
-6
6
3
-9
3
-13
4
2
3
-1
3
4
-2
8
-5
8
9
1
-9
9
-3
3
-3
9
-9
-10
0
5
40
-4
4
-4
-8
7
-4
4
-7
-7
-36
5
-3
-5
4
6
-7
-1
7
-2
-20
-4
0
-5
1
-1
0
8
2
-7
14
-5
8
1
0
-18
5
-10
-54
6
-64
8
-4
-9
7
-6
1
-15
8
1
72
6
0
-1
-2
-6
7
-7
-11
0
2
-1
-2
4
5
-1
-9
-17
-9
7
9
-4
4
1
7
-7
-5
4
dividebyzero
2
11
1
-1
-1
-5
-4
7
18
-6
13
10
-3
1
0
0
0
-1
-6
0
7
-3
5
2
1
-2
-10
5
-9
6
-1
7
-3
7
9
15
8
-4
-12
7
-4
5
20
0
1
2
9
-4
1
3
15
9
-10
5
7
1
2
-2
0
0
-8
2
6
-4
-6
9
-1
7
-12
2
8
-2
-8
-1
-3
-1
-9
2
-6
8
9
9
0
-45
1
-2
6
8
-5
1
-1
5
6
5
7
-3
-1
-6
3
-8
-2
-1
0
0
-14
-3
10
2
3
0
9
-2
-9
-7
-8
-10
0
-2
-3
0
3
-9
-5
-7
3
-1
8
-10
-2
-4
6
-4
5
9
6
-5
-10
-6
6
-2
3
-4
-2
6
0
9
12
4
-10

Calculator off.
