-2
13
3
48
6
-13
-3
-8
-4
-7
5
-5
7
0
-3
-3
-3
-1
-9
0
3
4
0
6
-9
1
6
8
-3
-10
-4
9
5
-2
-1
-5
5
-2
-1
-4
1
-9
-2
1
-9
11
-7
9
-1
-8
6
-10
-9
-1
15
-5
-7
-4
-2
0
-8
6
-8
2
-6
-4
7
-1
-1
-5
0
30
9
7
-9
0
-8
-7
-16
-5
-8
60
-8
-8
0
4
-2
-5
-11
9
-4
8
-9
-5
15
9
11
8
-3
7
-24
-10
-15
-10
0
-2
-6
-6
-10
-8
2
4
-8
-5
-3
1
-3
-1
3
5
3
-4
-8
-9
-2
-6
-4
4
-4
-8
-7
5
1
-5
-9
-1
-7
-4
-11
-7
0
5
-9
5
4
9
-6
-11
7
4
0
4
8
-2
5
-18
6
28
9
0
4
30
-3
-8
-5
36
9
-2
9
-10
1
-6
6
2
-10
-7
7
-8
6
-40
2
4
27
6
2
0
-3
2
8
-1
-21
-6
5
0
-56
2
1
-10
15
0
2
1
-1
1
6
1
-3
-5
-18
-9
3
-6
-11
0
-9
-8
13
-10
-9
0
0
6
-3
8
1
14
9
5
8
1
1
9
0
-9
-1
-7
-4
6
1
0
-1
4
-9
-5
-10
4
-5
3
15
-5
5
-10
2
-7
2
-9
6
-6
-10
-7
4
-9
7
1
2
4
21
4
2
1
10
-16
-10
1
-4
6
100
-10
14
-11
3
0
-14
8
1
-16
0
-10
4
4
3
-5
2
-1
4
-2
6
1
-1
3
-7
-6
-4
2
0
4
-3
1
3
-2
-6
-14
0
3
0
2
-2
-9
9
12
72
-9
-13
-7
0
-13
-7
0
-10
7
-2
2
6
-18
-3
-11
9
-2
-7
0
-9
2
5
-6
0
0
6
-5
11
-3
-6
5
-6
0
-5
4
-6
-7
-4
1
2
2
4
-12
-7
7
3
9
1
4
5
4
5
-2
-10
-1
9
-3
-5
4
-2
6
1
-7
-1
-3
-10
-1
-16
-4
3
0
5
3
80
8
-4
-1
3
-1
-1
4
3
-8
-10
6
6
-1
5
-7
-10
8
-1
6
2
6
6
6
-7
-2
0
2
0
54
6
-9
5
4
2
-6
-5
0
5
6
6
-9
45
7
-5
-6
8
-6
3
7
-10
8
18
6
4
-2
-5
14
-6
2
-7
3
4
8
0
-5
-4
1
-18
1
2
-2
-1
-8
-3
-6
9
-6
-2
-2
0
4
-7
0
1
-9
12
2
0
-8
8
-10
6
3
9
7
8
12
-9
-4
-4
5
-49
3
8
-3
17
9
-10
11
7
14
5
0
-8
7
-7
9
-7
-3
0
28
4
-6
7
5
2
-7
9
0
7
5
-6
8
-4
-2
6
9
1
-4
2
-6
-3
-1
-2
3
4
6
-9
8
3
-9
-10
2
-4
-5
-2
-8
2
56
-5
11
7
-1
-5
5
5
0
6
4
-49
-7
-4
2
-12
-4
-6
1
-8
7
0
-9
0
9
-8
-4
-14
-11
6
-8
-6
1
-8
-6
-3
-12
4
0
5
0
1
12
-9
4
9
6
0
9
-2
3
-12
-6
10
8
-9
3
9
8
-5
-6
5
-2
-4
5
19
7
2
5
-6
11
-8
1
5
-4
-8
-3
10
9
-2
1
1
-1
2
-6
-8
-1
-8
7
-3
4
0
-16
-6
2
6
-6
-5
-8
1
-3
9
-12
-2
-6
-1
1
8
-2
-2
3
8
1
9
2
-7
-1
-6
-6
-7
1
-6
7
3
-1
6
1
-1
4
11
-5
-9
9
-4
-5
1
27
-9
1
0
1
-1
32
4
-6
3
-10
-1
-14
-2
16
-4
-10
-25
-21
-1
10
-6
5
5
-12
7
6
-25
-4
6
90
9
-10
-14
3
-28
0
-4
-3
-6
0
-1
1
-5
4
-6
-6
0
4
9
-7
-15
0
0
0
-6
-13
-9
12
-5
7
-9
18
0
7
-4
12
-6
9
-9
0
-3
9
-9
9
9
9
-4
-8
-5
-6
45
1
4
-9
-4
-8
4
-12
3
12
0
-3
5
-6
-12
4
0
2
9
-1
4
-5
-10
-2
-9
1
6
-70
2
-10
0
-1
-8
1
-6
-4
4
4
1
-5
6
-3
-4
2
-1
6
8
-11
-1
1
6
-6
-10
5
5
4
-10
8
-10
6
-3
-10
-6
-10
-3
9
-7
-1
-4
-8
-6
72
-8
9
-1
0
80
1
-7
3
7
-7
-1
-6
4
54
-8
8
-9
3
-12
-12
-1
-4
8
2
-6
6
6
-3
0
1
2
0
-5
-1
4
0
-6
7
-2
-6
-1
-1
-8
50
9
5
3
-7
7
-9
3
-8
-5
-15
0
8
-2
-7
-7
-5
5
-10
-8
-1
15
-13
-30
-24
-5
7
-27
5
14
8
6
3
0
9
4
0
-10
0
-8
-8
-4
7
-1
-2
-7
0
-3
-8
3
2
1
9
-36
1
7
63
0
4
9
-6
-4
1
-6
-10
9
-90
-1
-3
2
6
-2
0
-5
-2
1
-2
-2
3
-5
14
6
1
6
2
-10
9
7
-10
-2
-13
9
-1
13
5
2
2
-7
7
1
-7
-3
0
2
-6
-10
1
-1
5
-6
-6
8
-6
1
-9

Calculator off.
