12
-3
-4
8
-2
6
-1
-14
3
7
-1
-1
3
16
3
0
-40
1
-7
-4
4
4
9
-3
-6
-2
7
4
7
-2
2
-3
-8
9
-2
0
1
2
-1
-5
-3
-3
3
-3
2
-8
-5
-7
10
-7
6
8
7
-16
-4
7
3
3
-7
0
7
9
-5
-6
9
2
-9
0
-1
-30
-2
0
-10
-1
4
13
2
4
-7
0
6
18
6
-10
-1
1
-5
5
1
8
7
2
0
-5
2
-2
3
11
5
-6
6
40
-3
8
-9
5
1
-4
-14
4
-2
16
5
-2
3
7
0
6
-1
0
3
-7
4
-4
-6
8
-3
-5
3
6
-6
4
4
-6
dividebyzero
16
-6
6
4
9
3
-8
-1
-3
0
-4
0
-2
1
4
-8
0
-17
-2
7
-1
-16
-13
-10
-15
1
7
3
-10
-3
8
2
6
-1
6
0
12
-2
5
8
9
6
-1
0
-3
-24
-7
-5
6
-5
8
7
5
-8
-4
8
-28
-3
-9
-1
0
-21
8
3
-6
6
-5
0
7
4
0
7
-9
-14
1
-15
-1
4
4
8
8
0
-6
3
7
2
-6
6
4
-9
-1
1
1
-10
9
-6
-10
0
-4
4
-2
-4
-2
8
-15
-1
-3
-4
-1
-4
1
18
-8
-4
-7
-9
49
2
-10
1
1
5
-3
3
-8
-1
5
-4
3
-10
8
10
5
48
-8
-5
1
1
0
-4
1
6
40
9
-3
1
0
0
2
5
-2
4
0
-7
3
8
-9
4
0
6
8
-3
8
-2
13
-1
-4
-1
0
9
-4
-10
-9
-7
-10
8
13
4
40
-9
-6
9
7
-6
4
-8
3
-2
-7
-3
1
7
2
9
-45
1
-4
8
0
0
-10
2
9
-1
-8
-3
-10
-2
7
-6
-9
3
-9
8
8
4
9
-3
5
0
13
-1
-9
-1
3
0
-15
-7
-4
-2
-10
4
9
-1
3
6
-6
-1
-6
6
-9
7
3
8
-7
7
-14
50
-4
-7
0
2
-2
-1
9
9
5
-5
-11
21
1
3
-1
3
4
0
7
7
25
2
-11
-8
48
7
-3
-1
3
2
2
-9
8
-9
8
15
3
-8
-2
-9
-8
-3
-2
-5
0
5
7
-7
6
-10
6
-10
8
7
-3
6
-1
-2
-1
36
-6
-4
-28
7
3
5
-8
-3
0
-6
-1
-5
5
0
-4
4
13
5
2
15
8
-3
-5
-1
-1
-9
-6
-2
8
5
5
-10
9
-9
-8
4
0
1
-10
-1
13
-10
30
-10
2
7
3
5
-1
4
-14
-56
8
-1
2
9
2
-8
6
4
-4
3
-1
-8
-6
-3
-4
4
8
-9
0
0
7
-12
0
6
-1
0
5
-1
11
6
-4
-72
6
-9
-1
0
-6
-7
7
4
9
-1
-6
9
8
1
8
-5
-1
-1
-2
2
dividebyzero
8
5
8
7
7
0
-10
-7
-2
-2
-4
3
-6
8
-8
3
-3
12
9
-2
8
-1
-18
-8
6
6
2
-4
7
-2
1
6
-3
9
-1
0
-4
4
-12
-10
8
0
6
-6
-10
-6
-6
5
6
0
3
0
6
-17
-7
8
-1
-5
6
8
2
2
0
0
-2
6
5
0
-10
-1
-4
3
-1
3
-5
-7
0
-5
0
2
0
-10
-9
-18
8
18
-1
-13
0
-8
-1
-3
-4
1
11
5
6
6
-3
0
0
-9
2
-1
-2
7
-4
0
-3
-9
-10
-1
2
-10
-3
6
2
4
1
3
7
-8
-9
-2
-5
-4
-2
-6
-1
-3
9
5
-4
-8
0
-2
-4
6
-81
-13
-1
-5
-54
-8
-3
-9
-10
-9
-1
0
-10
-4
0
1
4
-36
6
9
-1
3
24
-9
-16
-2
-11
-7
3
8
1
7
-3
1
3
0
-10
1
-10
-12
-5
2
-1
-1
-14
-1
-13
-5
6
1
1
3
0
-1
5
5
3
9
-2
-5
-4
27
0
-2
-7
8
2
-4
5
-5
3
4
0
-10
-2
4
-13
42
-10
12
-8
11
6
-3
-8
6
4
-1
-8
24
-1
-1
-2
-7
6
5
7
-3
-3
-16
1
0
-5
-12
6
6
5
12
-6
-8
-4
5
-14
-1
-10
-15
8
7
-9
-3
0
6
6
-7
9
10
-2
1
-6
0
-25
-6
3
9
0
-9
0
5
-2
-9
10
-2
-1
7
4
7
-4
-2
4
-5
-8
8
9
19
0
54
5
-5
-4
2
-6
-8
1
3
-4
-4
7
-9
4
-3
-10
-5
-10
-6
-14
7
-11
6
0
8
1
0
2
-5
dividebyzero
-16
-15
1
3
-14
-5
4
-2
1
24
-5
-4
3
-40
-10
1
-9
5
-10
6
1
-9
-1
4
-8
1
24
6
12
6
-1
4
0
-1
56
-5
2
-2
-9
-10
-9
0
3
-6
-9
5
1
-1
3
1
-11
4
12
0
8
-4
9
-8
-16
11
9
2
-9
0
-12
7
63
2
5
-5
-2
-12
0
4
4
-9
-6
-2
-9
5
3
6
-2
-7
64
5
0
-10
7
5
-4
-1
4
18
-7
-7
-12
-6
-8
-2
6
2
-7
15
-10
-4
15
-14
0
-7
6
5
8
0
-6
-6
9
9
6
-7
-9
11
5
1
5
4
4
10
6

Calculator off.
