3
9
1
7
11
2
-5
dividebyzero
0
0
9
-5
-10
-9
-4
8
9
-7
-8
1
1
7
7
-6
-8
-3
-4
2
-4
-5
100
1
-6
-12
-3
-4
16
-3
2
6
3
0
3
7
0
-1
8
-6
0
8
8
0
-2
0
-7
-9
6
1
-3
-4
1
-9
0
0
6
-10
-4
-9
-1
6
-6
-9
2
8
7
-18
8
-8
4
-10
9
-6
-1
-9
9
5
1
3
-3
-1
0
4
8
12
-8
-4
8
0
-6
-9
1
7
5
4
-9
11
-6
2
-7
-3
8
1
12
6
0
7
-1
-4
3
-5
2
2
9
2
-14
14
-2
-13
2
8
-2
5
-7
-6
14
-7
8
0
0
9
-9
-3
0
2
15
-3
-7
-81
7
-8
8
20
-5
3
-7
0
-2
11
-8
-4
9
9
-4
6
7
5
6
-8
6
-7
3
7
1
-6
-10
1
-1
-12
6
-9
7
4
2
-3
-12
14
-3
-8
16
0
8
0
-8
9
15
-10
-10
1
-8
-2
2
-7
2
12
3
-6
-3
-2
0
-7
7
-1
6
-1
6
0
3
-12
-4
-8
-7
8
-15
-2
3
-4
-16
-5
6
9
-2
0
-5
-10
8
6
7
-6
9
-3
-2
10
7
-10
0
7
9
2
8
-5
1
1
-5
7
-16
8
4
36
0
0
7
-13
-8
-6
8
-10
-10
-2
9
-2
-1
-1
-10
-6
-7
-14
9
7
1
-3
-1
-6
5
5
-10
-2
-10
0
5
-10
9
-8
-10
2
7
-9
7
-15
8
4
-2
-3
0
1
9
7
-15
-10
7
12
5
-6
-1
-45
-9
-1
-1
-8
72
-8
0
-9
1
6
-5
-8
0
-10
-9
0
-1
dividebyzero
-7
-9
-5
1
2
-8
-7
-2
1
9
-4
-4
-8
9
5
0
1
1
-12
-6
12
1
-3
2
-36
-4
-8
3
7
-1
2
8
8
0
20
-3
-3
15
7
-60
-6
7
5
-1
1
-10
-17
-1
-1
9
2
-2
2
4
-1
2
-10
6
-1
0
3
-4
-1
-14
1
4
-3
-7
-8
9
-2
-1
1
-5
-9
-2
-5
21
15
1
2
-2
-7
-3
0
6
-5
13
-3
15
8
-4
2
-5
0
0
9
-7
-1
0
-8
-3
4
0
9
-4
7
18
4
-1
-3
1
6
-27
-3
0
-4
-3
4
-2
3
9
-6
-8
2
-1
1
5
9
3
2
-7
-5
0
-4
-1
14
-9
-2
-4
-9
-1
-6
2
0
-7
0
21
6
2
-8
-1
-10
-12
3
-2
-12
-14
4
-2
-1
4
0
-7
1
63
-7
-8
1
-1
1
-1
-5
-2
-4
0
-72
-3
0
3
-7
-6
-16
-9
-2
1
-6
-9
-8
1
4
-1
-9
-2
-12
5
-4
3
12
6
1
0
2
3
-13
-7
6
-1
-1
14
4
-7
5
-3
7
5
8
1
2
3
7
-8
-1
-6
9
18
3
-7
-2
-10
-70
-2
-6
-10
-5
-9
-10
8
0
-3
-5
-5
-10
4
-5
6
4
8
4
4
-1
0
0
-3
3
8
-8
5
-5
8
-54
9
6
-8
-6
8
5
3
-7
-3
-9
9
1
9
7
-8
0
8
-1
-2
-1
-12
-5
-3
-19
0
2
-7
0
-7
6
0
-1
-2
0
8
-11
-4
-4
-1
3
-10
9
8
0
-10
6
-6
9
-10
-8
-6
2
2
-3
1
4
-6
-3
2
13
7
7
2
-1
7
-12
-6
12
5
6
-3
1
8
-2
1
-1
13
-1
4
6
-8
0
3
7
-7
-1
-1
13
-2
5
2
7
-3
-2
20
2
-9
15
0
9
20
6
5
-3
20
-5
1
-6
4
-9
-2
-5
-14
-1
9
8
-12
9
4
-6
6
8
0
-4
-3
-7
4
-15
0
32
-7
-14
-6
-1
-3
-7
-7
-1
-4
0
8
-4
2
-2
27
-10
3
-2
-1
-1
-11
-1
-3
-5
42
0
-8
-5
-14
5
0
-1
1
-8
-2
3
7
3
-1
-7
-6
-13
1
-7
10
-5
-3
3
5
-2
-9
0
-1
-7
-3
-5
5
1
11
5
5
-1
-3
-3
0
-5
5
-8
9
5
-12
-7
0
-6
-5
-11
0
-6
-7
5
-2
-1
-4
6
-4
2
-5
1
-9
8
-9
3
7
-1
4
-11
-4
-10
-4
-4
0
-4
-8
0
0
-2
-6
-5
7
0
4
10
-7
3
6
-8
-5
5
2
-7
-9
-4
10
-16
7
1
2
2
-2
-8
36
7
2
-9
3
1
-10
-3
1
-9
5
-1
7
-2
7
-12
-4
-45
-9
-5
-2
4
6
4
7
5
1
-6
14
-7
9
1
5
-5
5
-18
16
-7
0
-1
14
-5
9
-5
9
-1
8
15
-3
-1
-10
6
-5
10
1
1
2
-6
4
3
-8
3
5
2
6
6
5
-1
7
-10
9
-1
8
8
1
-7
-7
7
-7
-1
14
-3
-8
-5
-3
0
-3
-14
-6
-2
-2
-8
5
-1
12
-6
8
7
6
-8
0
16
-60
7
2
2
9
0
8
-12
-3
-2
49
-1
-2
-5
-1
3
-5
-6
9
-8
-6
9
-10
4
9
-1
0
-9
6
-5
-1
-4
-6
7
-4
-1
-13
1
1
-8
-2
6
-6
-3
-60

Calculator off.
