-2
2
-2
6
3
-1
-5
5
0
-2
-5
2
-3
-8
-4
7
-6
-4
-10
-7
8
9
0
-2
4
0
dividebyzero
-6
-9
3
0
7
-1
1
9
0
-6
0
3
-16
9
9
1
-9
4
-9
-36
40
11
-9
-8
-10
-3
-4
0
-3
-6
5
1
-4
-8
-2
9
0
-13
-1
-21
1
6
-9
1
-3
1
-5
-1
4
5
19
7
-14
0
0
-3
48
-1
-5
0
-3
54
-10
-7
-4
-2
-15
6
5
4
0
6
-8
-1
63
-14
-8
1
0
-8
-7
-3
6
-7
5
1
1
-3
0
3
-6
-12
-5
-12
-10
7
9
3
-5
5
7
-3
-8
16
2
16
-5
9
-2
-3
-4
4
13
-21
-1
-1
8
-1
-1
-4
5
-4
1
-3
3
-2
-40
-10
1
-8
15
1
0
2
-10
-7
-7
5
3
0
0
13
2
-7
-6
0
-1
-3
5
4
-10
-9
1
-4
2
-2
9
-3
1
7
4
-1
-10
-1
-3
8
7
-8
-9
-48
-10
-1
6
-10
15
-2
-9
0
7
-12
3
2
0
-1
-6
-2
6
-12
-14
-9
-10
-9
-6
8
56
-1
4
7
-3
6
-6
-7
-10
-7
0
3
-10
12
13
-7
8
-1
-4
1
-10
-10
4
-2
-40
-6
9
-9
-7
9
1
2
-4
-7
-3
4
1
-10
-9
-10
-3
2
4
8
-3
-8
-10
-14
-6
-10
-12
-10
-5
-7
8
-10
-9
-10
-1
-5
dividebyzero
6
0
2
6
7
-6
-12
-1
9
-1
6
-7
9
8
2
3
-3
-4
8
-3
-2
-6
-9
-8
0
-3
-8
1
6
0
8
9
-4
-1
3
-72
-3
-2
0
-4
0
-2
-8
-10
4
2
-10
-25
-1
-21
-2
0
5
0
-6
-6
-15
8
8
-10
0
6
-3
0
1
-8
4
5
-5
4
-5
-8
8
-6
-8
-9
-9
-10
0
-5
-10
dividebyzero
0
1
10
2
-5
-1
0
-9
-2
-9
-8
8
4
4
1
0
5
-6
-8
-1
4
-2
6
-9
0
5
4
5
1
10
1
13
8
-7
-7
0
-3
-2
4
0
-2
1
-14
-1
-13
-3
4
-16
-5
-16
-10
-5
4
-4
0
-2
-3
6
1
72
-9
-4
7
-9
1
13
-10
5
-1
-10
8
2
1
3
-5
3
0
7
-8
5
4
1
-8
-90
-9
-16
7
1
11
-2
-15
-9
0
1
-8
10
-6
7
8
-5
-16
-4
-9
-7
5
4
-2
-8
-4
-9
-1
-1
-5
0
-24
0
-5
0
-4
-24
0
-6
-9
-5
5
-10
-9
3
30
7
0
5
-9
32
-2
63
0
-6
-4
0
8
-1
4
-6
4
-8
11
-9
-1
-4
27
-5
-2
40
6
1
2
-4
-3
-21
-8
-3
-3
5
-5
-7
2
-20
-72
4
0
10
4
0
-5
-8
-2
1
-1
4
2
6
-1
1
0
-9
0
-1
-1
0
2
-8
-7
8
3
1
5
-42
-9
-1
5
-6
9
9
-9
-1
-1
-8
0
-1
-2
-4
9
7
-10
-12
1
2
3
3
-3
8
8
-3
5
9
-9
7
3
3
2
-1
0
-5
-6
-6
4
3
2
-2
1
-2
8
0
-3
0
9
-3
-2
3
2
2
-4
2
3
6
-4
24
11
-1
9
2
-6
-8
4
-9
8
7
-13
7
6
-16
1
-5
5
-6
-2
4
-49
-18
7
3
-10
2
-1
-1
0
-4
-24
2
0
-3
1
-13
-4
10
-6
8
4
7
0
2
7
8
7
0
-1
2
2
5
-2
5
5
-7
9
8
4
40
4
0
16
-10
-1
20
0
7
2
-5
-1
7
-9
9
6
-10
3
-5
-56
6
6
13
9
3
-8
-9
-4
2
-4
2
-2
4
-6
-5
-7
9
-9
-9
-8
-7
-6
6
-1
3
-10
-8
9
-8
-3
-1
9
-10
-7
9
12
-2
36
-35
4
-7
9
-16
81
-35
-4
9
-7
2
5
-3
-7
-5
-56
0
7
-4
-4
-1
8
1
-1
-3
-3
-3
9
-9
3
-9
5
4
-9
-7
4
0
7
-9
-10
36
-4
-4
1
-2
6
-2
-10
-24
-2
-4
-5
5
6
5
9
-10
0
7
-18
4
-6
3
-24
-7
1
4
-3
0
-9
6
-7
6
-5
2
-16
3
-7
5
25
-27
1
-3
3
-8
-11
-4
9
-13
9
-10
-1
0
3
1
0
6
0
8
-3
9
-7
15
-6
-3
-42
-11
9
-8
-4
-5
0
-11
8
8
9
5
-10
-12
5
9
6
6
-7
-17
-4
-8
-4
-8
3
7
-10
10
-2
5
8
-4
-10
5
-8
-16
14
2
-3
-3
-8
0
-9
5
-9
4
2
-27
1
-1
-6
3
8
5
3
-1
7
0
-2
-5
-3
0
6
9
-8
9
-10
7
-15
-5
8
4
-9
0
-2
0
-1
0
-8
-1
-8
8
-6
-10
-6
0
7
-1
6
-3
-9
-5
-30
-28
8
-9
8
-2
2
-5
9
3
-9
5
7
-10
12
-9
-2
4
-9
-5
3
4
-4
0
0
-1
-2
1
-6
11
5
-3
0
-90
12
-1
5
-2
50
-4
8
-6
9
9
5
-7
-14
-1
-54
4
-9
-7
6
12
-14
-1
-10
-16
0
-8
5
-16
0
-14

Calculator off.
