-3
5
-4
-1
8
-10
-5
-7
-8
-10
13
-9
2
5
0
-2
-1
9
5
-11
-1
3
7
-7
7
-13
4
-3
5
0
2
-4
-2
-10
4
2
9
1
-10
-3
1
-6
0
4
27
13
-1
-1
-36
-16
-3
-8
-2
6
-9
-9
3
-4
1
7
-3
-7
-5
2
5
-1
-17
-16
-10
0
8
-4
1
9
-1
-10
0
7
0
3
5
-3
-5
-2
-2
-4
-6
0
4
-2
0
2
-30
8
1
0
6
-2
0
-3
60
5
-4
3
-10
-10
-2
-24
-2
0
-7
-4
-2
15
4
-1
-9
4
-1
-2
6
-1
1
-9
0
-1
-1
9
-11
0
3
0
-1
-2
1
9
5
9
35
2
10
7
0
5
4
3
-1
-12
-2
2
-3
4
-8
-3
dividebyzero
6
3
5
-1
1
1
-7
7
0
0
7
-7
7
14
-8
4
0
-1
-7
-11
2
1
-4
-7
6
-5
-3
-9
-2
0
-5
8
5
5
1
0
11
-4
-10
-9
-3
-1
6
4
5
-12
15
5
-1
0
-7
6
-8
4
-10
-3
9
-4
4
13
-10
-5
7
12
9
8
-9
-5
-9
36
3
-10
18
-3
-2
7
5
8
0
-5
0
-2
-7
3
-5
0
-12
-8
-1
-9
9
-1
0
-6
-6
-6
-5
-1
1
5
0
-3
-6
2
-1
-1
32
2
0
1
-5
-1
-10
-12
3
5
-9
-2
-1
-12
-13
0
-1
2
7
0
1
-1
-5
-10
-5
0
5
3
9
-4
-9
2
2
-10
-5
8
-5
1
-12
-9
-5
-2
-8
-6
-1
-16
-1
2
-3
5
8
-4
-6
2
-10
6
-9
-13
-1
8
-6
-4
-10
7
-4
-6
-7
9
-13
1
2
-32
4
-5
-4
-54
-1
6
14
-2
1
-8
4
-1
-9
-1
-10
-3
9
9
-10
-3
7
4
2
-1
8
1
-1
0
4
-10
-8
7
-1
-9
6
-3
-7
2
-13
4
-10
-11
0
-2
1
-10
4
-9
-3
4
-1
-10
-2
-8
13
8
-7
5
-5
3
-8
-8
-3
-5
-1
-4
14
0
-10
6
10
-3
-15
-6
5
-6
-10
-9
-5
0
0
2
5
-10
1
2
-8
-6
-5
5
-2
-9
1
1
9
5
3
-9
7
10
-8
-4
8
-10
-2
13
3
-45
6
-10
-14
-4
4
-10
6
-2
-63
6
-6
dividebyzero
3
4
5
6
7
-5
15
24
-11
0
1
0
-7
dividebyzero
5
1
-7
-1
-1
-2
-4
-8
-2
-11
1
-8
-5
-7
6
-3
-9
-1
-2
-9
-8
4
12
2
-8
-10
-3
-18
-5
0
5
-6
-14
4
0
-1
1
0
-2
-9
8
5
9
2
-2
-7
-45
-2
2
2
0
-8
8
-5
-2
0
-7
-6
4
-16
-2
6
-3
-7
1
-5
1
3
-6
10
-1
-8
1
-7
1
0
-6
-4
-1
-12
-4
-1
15
-1
-6
8
0
9
-6
-9
-63
-1
-5
4
7
-8
3
-4
-18
-19
-8
5
-8
2
-6
-42
-19
9
8
-4
0
1
-1
3
17
0
2
0
1
0
6
-9
0
1
-5
9
5
14
-1
0
-3
-20
1
1
-2
-7
9
8
-11
0
-5
-42
-6
-6
2
5
4
6
8
4
-6
-10
4
5
0
-2
8
0
3
-1
-3
6
-10
-4
-13
2
-7
-8
-2
-48
-4
1
-7
-16
6
-9
-2
0
-6
1
-9
14
-8
-3
2
2
-7
-1
-4
-5
-4
-4
-4
-7
4
8
-4
-1
8
6
-1
0
6
-4
-6
1
3
-7
1
-4
5
-4
1
2
4
-9
-8
-2
7
7
-9
9
0
7
-16
-12
40
8
2
0
3
-9
1
2
-1
15
2
-3
-13
-5
1
4
-42
0
6
32
-3
7
0
-9
-1
4
9
0
-14
8
-16
-1
-4
-13
-13
8
7
-6
35
-1
2
10
-5
0
-8
-9
-1
-1
-9
-5
7
-6
4
-6
7
2
2
9
-10
6
7
3
-1
-9
-8
-8
-6
6
-11
0
-1
-4
48
1
5
-9
-14
6
-10
3
35
-5
-12
-9
8
-2
-10
-2
9
-10
21
-8
8
-10
-2
-9
-16
-6
-1
16
2
-9
1
-1
-2
1
-5
4
0
-1
-9
5
8
3
4
-6
0
-3
-9
4
-7
0
-5
-1
9
0
-4
9
3
-8
18
3
-6
12
1
0
3
-2
0
2
0
-2
-5
-5
-10
-6
-6
-9
2
7
9
2
8
-4
-3
-9
8
1
3
8
0
8
4
-5
1
0
-5
-11
-11
9
8
-8
2
-4
3
-1
-3
-3
-6
2
-4
-4
0
-10
-27
1
-5
-3
-6
0
2
-7
3
2
-8
-1
6
-1
3
0
7
2
4
8
4
-1
-5
13
-1
7
18
-10
70
1
0
-4
9
3
7
-6
dividebyzero
-6
-72
-3
-10
3
-5
3
9
28
6
2
-8
5
0
-2
-56
-10
-1
0
-4
8
-1
-10
5
7
12
70
9
-4
-4
4
-4
12
1
2
3
5
1
-10
9
2
-7
7
42
-7
-5
-9
-18
-2
8
5
12
5
-4
1
0
3
-8
-2
0
-9
0
9
-3
8
0
-7
9
-4
-5
2
-4
4
-1
4
3
9
0
1
-4
-7
6
9
7
8
5

Calculator off.
