13
-3
5
4
-5
5
0
-4
1
-1
1
17
0
-1
-7
-6
-9
-6
7
2
2
5
1
6
8
0
-7
-8
4
0
4
7
0
13
-1
40
-10
6
5
2
-9
4
7
-12
3
4
-2
-8
-7
0
0
-2
2
-9
-4
-1
5
12
7
2
-3
-1
0
-1
-10
-6
-6
-7
2
-6
-10
28
0
32
-1
15
-1
8
1
6
-7
0
-5
-3
-12
-5
-2
14
5
0
-1
-2
-9
16
-1
18
6
9
-8
-1
1
-12
-8
0
1
9
-9
-10
3
0
7
-9
-1
5
4
9
5
5
9
-1
-9
4
9
1
4
-4
8
-36
6
-9
0
2
-13
-9
2
-3
6
-5
-7
-6
9
-90
7
-3
-9
1
7
0
-1
4
-40
6
-7
-9
-1
8
8
-40
-24
0
-8
-3
-1
3
-17
-10
3
-6
-4
-15
-6
-8
7
-16
-18
0
11
-10
7
9
-16
8
6
-5
-5
-7
8
1
-2
3
0
0
4
-2
10
7
-8
7
-1
-7
-6
-10
-5
-8
dividebyzero
0
-14
5
5
1
1
0
-12
6
3
2
4
7
1
2
-12
5
-3
-4
-13
-10
4
-27
-2
1
-3
-5
4
-4
6
1
-8
-5
7
0
-5
3
3
-2
2
-15
-3
7
-7
5
-9
-3
0
-1
10
-4
4
-7
2
1
4
0
20
-2
0
9
-5
-10
-8
5
2
4
-7
81
-8
-1
-5
0
6
-7
5
-1
-1
-2
-8
10
5
9
12
-2
-9
0
4
-5
6
0
8
-8
-5
-8
5
-10
2
7
dividebyzero
-14
-3
-6
-5
16
-4
-3
-5
30
-2
9
36
13
-10
-2
8
7
20
-9
1
4
-3
-6
6
3
4
7
-11
-1
-2
8
-5
5
0
0
-12
12
-40
12
-5
-9
-5
0
-18
-15
-1
-7
-4
2
8
14
-10
10
-6
-1
-6
56
11
-16
-5
0
-3
8
-6
1
-2
9
9
-4
4
1
3
3
10
10
-5
-1
3
-3
10
-1
12
0
-7
-7
1
3
6
6
-7
0
-3
-7
4
-54
0
9
1
-2
9
9
5
-2
-4
-2
8
8
1
2
0
-9
8
-6
2
-10
48
-2
3
-5
-10
-7
6
-3
-15
5
-18
-2
1
-1
-4
-24
0
5
-6
-8
-9
-4
-7
3
3
-4
-3
-9
-7
7
-3
0
-8
8
-1
-1
-24
1
0
-5
4
7
-2
-2
9
5
-4
-5
-3
7
8
6
-7
-6
13
1
6
-9
-6
0
1
0
0
0
-2
-3
-1
9
2
-1
-8
1
-5
1
6
-8
6
3
-6
-8
-6
-4
-3
-4
6
1
12
-7
9
8
-2
3
-6
-6
-5
-15
5
0
-63
-5
0
3
-8
7
5
-3
-3
-9
4
2
56
-1
0
2
3
6
0
2
-10
-5
-9
-7
-8
-9
-9
-2
-24
4
9
3
4
-2
4
6
4
8
-18
-8
-5
-3
7
-9
-14
-12
-5
0
0
-12
5
2
6
-9
8
4
-7
-8
-1
2
-2
7
-3
-8
-2
-1
-3
-10
-7
-1
-4
-1
5
10
-3
0
-9
-20
5
-6
0
8
-1
-1
8
-10
-8
-6
-8
-7
0
-3
0
8
1
-5
-5
-7
3
8
0
0
9
1
6
6
4
5
-2
5
-6
-3
7
2
1
-4
-1
5
3
-1
-7
8
-6
7
40
-3
0
72
5
6
-5
-10
-10
1
-30
-4
0
-4
1
-9
-5
90
-1
4
-10
-4
0
-4
-2
0
2
-4
-8
2
-3
-14
-10
dividebyzero
-4
-5
-9
-12
7
7
9
-10
-7
0
0
6
3
1
2
-9
2
3
1
-13
-4
-8
-4
-10
-5
8
4
4
7
-9
2
1
1
-2
-4
2
4
2
-9
-3
-6
-10
-5
-18
-4
-9
8
4
-1
-1
4
-9
-4
-30
4
6
-4
-4
-7
-5
4
4
-9
-4
12
15
-12
2
0
10
5
-6
-5
49
-2
8
-1
11
6
-7
-1
-6
-10
-8
-9
0
-5
6
-1
-10
0
2
3
-7
6
-3
-5
-3
8
-4
3
4
10
-4
-2
1
-4
-13
4
8
4
2
-5
0
-6
-10
8
-10
8
5
-7
4
-14
0
-10
-9
9
2
-5
8
5
-1
-12
-3
-9
-4
6
-6
6
-2
3
7
0
8
3
7
6
-15
1
3
0
0
-8
9
-6
-2
-4
5
-15
-2
-1
-80
-7
-14
0
6
6
-5
-14
1
-10
8
2
-1
-1
0
-7
7
0
-1
8
-1
-4
-15
0
9
8
0
3
9
3
-1
-7
8
-1
5
0
2
80
11
3
-1
1
12
-4
-6
5
17
-24
54
4
-5
1
-1
-3
2
6
4
-2
-8
0
-7
8
-2
-7
-35
9
6
7
-2
-13
-1
-4
3
3
1
-6
-8
13
-7
-1
2
0
-1
7
7
-2
6
-5
-9
5
3
-1
0
0
-10
-14
8
4
-5
-8
-30
-4
0
1
9
-5
9
8
0
-8
-3
-3
-6
0
3
-4
0
14
-10
54
3
-6
4
7
-7
3
-5
-9
-6
0
-8
6
0
-1
-9
3
-1
2
-15
-10
-2
9
1
-7
-8
-8
-2
7
8
4
-5
-5
1
1
0
-9
-9
-3
-3
-9
8
7
-3

Calculator off.
