9
-9
-6
8
2
-4
-4
2
-4
-4
3
5
0
-13
6
32
-3
-2
-15
6
-10
-5
3
-35
-4
0
0
-9
-1
5
-7
2
-5
-6
-8
4
0
-2
13
4
-3
0
2
2
-9
-6
9
-2
10
12
-2
1
-18
-4
3
-12
-2
-4
10
-10
-1
0
-16
-6
18
-10
9
-3
1
-1
4
-9
-10
-2
-5
8
-15
-5
2
72
8
-7
7
-1
-5
4
-7
-4
-1
-24
-9
1
-4
9
-9
-7
-10
9
-15
-9
8
-8
-1
8
56
7
1
5
-1
-16
-10
0
-4
8
2
-7
-5
0
-3
2
3
7
-3
5
2
7
-8
4
-4
-4
-6
10
-1
-2
6
-12
9
2
-16
2
2
-2
-8
-2
1
0
1
-9
-12
-1
-2
-2
2
-3
-13
-2
0
-4
-2
-3
8
9
2
0
-9
-2
-4
-3
1
-10
-3
5
6
2
-4
-1
7
-4
3
-3
-1
-4
-6
2
-1
0
-1
-1
15
-3
-6
3
1
1
2
-3
0
-90
-2
-14
4
7
8
-2
6
6
-7
0
6
-9
-6
10
-1
-7
15
-1
6
-10
0
-3
0
1
9
0
4
7
-4
-9
4
1
-9
0
0
16
-5
-3
72
1
0
-7
-14
9
9
5
0
-4
1
-8
-11
7
4
6
8
0
2
0
-10
3
-72
-6
1
6
-7
-10
7
1
-2
5
10
-14
-11
-3
6
-10
8
-5
8
-6
-9
-5
0
-1
-5
0
-5
-7
4
13
-6
6
1
-72
1
-5
0
8
12
-30
7
0
2
4
8
-2
27
0
-7
-4
-10
-2
-1
2
-1
6
6
6
-2
1
0
-7
5
-7
7
36
5
-5
9
-14
7
-5
-4
4
-5
9
-1
7
-1
2
1
-8
-4
2
12
3
8
-5
7
5
-7
9
0
-12
8
-2
-7
-6
1
3
-11
-8
10
3
-11
-10
-3
8
-1
2
0
-4
-28
0
16
-3
-17
-10
-5
-9
-2
-1
1
-9
-5
-64
-4
8
-3
-4
9
3
-3
-8
14
-5
-8
-1
-2
3
7
2
-16
-9
-1
-5
-2
7
7
3
-6
4
0
2
5
-3
0
1
0
-1
3
-8
-9
7
-32
-2
-5
-8
-6
0
8
5
4
4
6
-4
-1
5
-4
2
-8
-1
-12
9
3
1
-8
6
-8
1
-3
-11
-4
49
4
-6
8
-5
10
-2
12
7
9
-20
-10
-10
0
-9
-7
3
-4
13
5
-1
-9
7
-3
10
8
-8
-1
-3
-10
6
16
-3
-1
-9
7
-6
-5
-10
-5
-5
7
2
-4
0
-1
-10
3
-2
6
5
-3
-4
-2
-10
5
8
-4
-7
7
9
-9
3
9
-4
7
-13
-1
1
-4
11
-7
-4
-5
0
7
7
3
-18
0
14
-2
-20
9
7
-5
3
4
-5
2
0
-10
-8
7
0
6
-2
-8
0
5
3
18
-4
3
1
20
5
0
0
-5
-1
-6
8
8
-3
3
-8
-2
0
-11
7
3
-28
9
7
-2
-6
12
1
-7
-2
2
4
-1
7
-2
6
-11
5
-1
-1
-14
-10
6
-6
14
-9
-10
2
8
-3
-10
-6
1
8
-5
-36
-6
0
-5
9
-6
-1
-6
5
0
6
-9
0
0
-10
-3
-4
-1
-4
0
-7
-2
12
-1
2
6
4
-8
0
-54
-5
9
-8
-3
-10
0
-2
-8
-1
-6
7
-5
-2
-9
1
7
-8
13
5
13
6
-6
-5
4
-4
-7
-5
-1
0
-1
-14
0
14
-11
-1
-5
-6
12
5
-1
-8
-8
6
0
-24
0
-10
-1
-9
-24
-5
6
1
8
4
7
-8
4
-7
3
5
2
3
2
-5
0
-2
2
-4
5
8
-7
-9
3
6
-4
-6
9
-3
2
-5
6
-40
5
0
-9
-8
2
3
15
4
-5
-48
-1
1
-7
-11
-7
3
-8
4
-4
28
-7
1
2
-1
-10
-1
-10
4
4
-8
4
5
3
-5
7
-3
-6
0
6
0
-49
-9
-8
-2
7
-7
-6
4
-6
0
0
7
-10
-36
0
0
-7
8
10
2
-8
3
4
7
7
-2
8
6
-2
6
-2
-13
0
-3
-4
-1
4
5
-13
-10
8
15
-7
1
3
0
-4
36
-1
9
2
-10
1
0
-9
-4
8
-1
0
-7
4
0
-3
8
-6
-2
8
5
0
-7
-2
3
0
-5
-12
6
2
-4
-7
-4
-10
2
-10
1
-7
-5
-3
1
48
2
14
8
-6
1
-5
-1
10
1
-6
-4
4
-12
8
-5
-10
1
-3
-2
-3
-5
-3
0
5
0
3
6
-8
2
-4
9
7
7
2
-4
-8
-9
-1
-9
-6
0
-5
-3
0
-3
-20
0
1
-1
-3
7
-4
2
-5
-4
0
-27
-1
-16
-20
-8
-2
-8
-16
0
0
6
-7
7
-10
-1
-5
-2
4
-3
1
6
7
2
-1
-12
72
11
8
0
-6
-3
5
-7
2
0
7
7
-2
-3
-8
-7
-30
-7
-4
-3
4
9
-10
7
-9
-5
-1
4
7
1
-1
0
-4
3
6
0
-4
4
2
0
-2
2
12
2
1
6
5
18
-3
-7
4
0
-14
-8
-3
-5
-4
-2
0
-14
28
6
-17
0
2
1
0
1
-7
3

Calculator off.
