5
-2
0
-9
-5
-9
7
0
-3
0
6
24
-8
-6
-1
1
1
5
1
-8
-10
-6
-6
-2
-1
-2
-5
6
-16
13
-18
-15
11
6
-7
-5
6
0
15
-2
-3
6
-4
-4
-7
-5
15
-5
3
5
-5
0
9
-1
-10
6
1
1
-1
11
-2
-10
-7
-10
-35
-5
8
3
-4
3
7
-8
6
7
-18
-11
-6
1
6
5
-6
5
-4
-35
-6
0
-1
0
4
60
0
-13
2
-7
90
-1
0
-1
7
5
9
7
-1
5
7
-8
-5
-8
-4
-7
13
-14
0
-2
8
3
-4
-1
9
-21
3
9
-4
1
-10
49
5
-7
-1
-5
1
6
-1
4
-2
2
3
-2
-10
-1
-9
-6
-1
-6
0
-1
-8
3
7
-9
-8
6
9
-5
-63
-12
-9
7
20
1
6
0
3
-9
-10
3
-9
-7
-2
1
24
-11
0
4
2
4
4
5
-5
0
1
5
32
3
7
0
0
-2
9
-10
1
0
-9
-16
-5
-8
-3
1
5
1
0
5
-4
5
-28
-1
-72
-9
-7
-9
-2
7
-8
1
15
-12
-8
-6
-4
-3
1
-1
-4
1
1
8
-1
-3
5
-1
-6
-6
-1
1
10
-1
28
-7
-30
2
1
6
-9
-32
7
-1
-6
-8
-1
7
-9
4
6
9
1
7
0
-8
-1
-5
4
-13
1
0
13
8
-5
5
-1
-7
16
6
14
-4
-4
9
6
-18
-14
0
7
0
-9
72
-7
6
-1
-72
-1
0
-1
-10
-1
0
-1
-18
-7
0
-9
0
7
-6
-10
-13
8
6
2
-6
0
6
-7
-16
6
0
-6
4
-1
6
-10
-9
0
2
-81
-4
-64
2
5
0
-28
-1
10
18
8
-5
-2
-2
-1
0
-9
-15
-28
5
0
2
3
5
-7
-2
-14
2
-15
-1
4
1
-15
7
30
-8
0
0
6
7
dividebyzero
8
6
3
-1
-1
2
-8
24
8
-2
-1
2
27
4
0
-3
7
-13
2
2
7
1
5
-1
5
1
-1
-8
-72
-2
-5
-10
2
8
-3
-8
6
-42
3
2
5
1
-72
0
-3
-9
-1
-1
-14
7
0
9
4
-4
-3
7
-10
-8
42
-24
-2
0
8
7
-6
0
2
-10
-3
-4
-2
3
1
4
3
0
-16
2
-17
0
-2
9
-4
-6
-6
-1
4
-5
-15
0
5
-1
-3
-11
-7
-4
-1
-5
-5
8
-10
4
0
4
-9
-10
9
5
-1
-6
6
-8
-10
-2
-1
-12
-12
-5
-2
1
15
-6
4
-5
-5
-3
-10
1
8
8
-5
-5
0
-11
9
-7
-10
-1
-16
-8
1
5
-1
-5
0
5
-9
-3
-3
-18
-1
-10
3
-6
-4
7
2
-8
6
7
9
-4
-15
3
-4
-1
-4
-7
6
-3
9
-3
-9
1
-6
2
-9
-8
12
5
-3
8
-1
-6
-7
15
-1
-5
7
9
-28
-1
-1
1
-4
-4
2
-8
-9
5
8
8
-12
-10
4
0
3
-10
1
-2
3
-2
7
2
9
20
0
0
-21
1
-6
4
-9
-5
-6
50
-35
1
7
-3
-7
-3
5
-3
12
-5
9
-9
3
2
2
-8
5
-4
-2
-18
-1
-10
0
-8
-10
-7
-6
-10
15
0
-10
8
-4
-1
-9
3
6
1
-6
-2
-2
-1
-7
-6
5
8
9
-3
-1
0
-5
4
-10
-3
50
9
-5
8
8
3
-10
6
-8
14
7
5
-7
8
8
-9
0
0
-6
-4
-3
4
2
-12
11
-3
24
1
0
2
5
2
8
-9
-10
6
7
-5
-8
3
8
13
1
-36
0
-1
5
6
0
6
6
1
-2
-3
9
-7
11
9
-5
-1
-3
6
-4
-8
7
4
0
9
-2
-8
0
-5
8
0
-3
-1
-1
-10
-1
0
14
5
-9
9
-11
16
0
-1
-1
3
0
-20
4
5
-5
0
0
-10
10
14
-1
-12
15
-6
-8
0
56
-15
5
6
9
-1
16
-7
-9
0
-8
20
-9
-7
-10
-9
3
-14
9
0
3
6
-2
10
-2
-1
-3
-7
-2
7
-4
0
-1
-8
4
-10
8
2
-2
-2
-3
5
8
1
7
3
6
0
-9
3
-8
8
-2
-2
40
-2
4
-3
-9
10
5
4
-8
10
-10
45
-1
15
-5
-6
9
0
-4
-10
0
-9
-10
-3
0
9
1
-4
4
-8
-7
4
-5
-3
1
1
2
-2
5
0
0
6
1
1
-9
-1
0
2
-3
4
8
1
1
8
1
4
0
8
-15
9
0
-1
10
-8
-8
9
2
-9
-1
-8
-4
-6
-2
0
1
-6
-10
-6
4
3
0
-12
2
-6
2
-6
-2
8
-6
5
-2
-7
5
-3
0
2
-9
-3
-5
8
8
8
4
8
1
6
8
5
10
-12
9
-3
-1
-3
-6
-14
-8
0
1
-6
-14
-6
1
3
-10
-5
4
5
0
24
5
-10
2
2
-2
2
9
-4
-1
7
1
1
3
0
8
6
0
-15
6
9
6
8
5
-1
-1
6
2
-2
6
13
-2
5
-2
-6
5
5
8
-1
-2
-12
-60
8
-15
7
63
-1
-8
7
1
2
49
8
5
5
6
10
0
-3
1
-1
-6
-8
13
2
7
-3
-10

Calculator off.
