15
-21
-1
0
-13
0
9
-11
8
5
6
5
-1
9
-1
-8
4
6
-5
1
-18
-10
-1
-2
0
-13
2
8
9
1
-9
-6
-7
6
-1
2
5
-16
-10
2
-5
0
0
6
0
7
4
2
1
13
-4
-1
6
0
-13
2
6
8
6
-1
-7
8
8
-6
9
-3
7
-2
6
-15
2
-2
4
0
-8
2
6
-10
-1
5
-10
-1
1
16
7
54
-13
9
2
2
8
5
-7
-3
-2
0
-10
2
3
-5
-3
-5
-3
-8
5
-5
-7
-3
18
6
-12
0
1
-4
-8
-6
-5
-6
-16
-5
-2
8
-4
-7
-8
9
-2
-9
0
-16
-1
-10
-5
-4
-9
-18
3
4
6
1
-1
-6
12
-5
8
2
3
-8
-1
-2
3
13
16
-7
-2
3
-4
-1
0
9
9
-21
-5
8
49
-7
2
4
0
-6
9
4
-9
-4
-1
-2
0
-7
6
-13
2
6
-8
2
5
-5
5
4
-5
1
0
-15
3
-1
7
-45
9
-9
45
-10
-2
13
9
0
-8
7
-6
1
1
0
-8
-1
-2
5
-7
2
-18
5
-10
7
7
13
5
8
0
-7
13
-1
-5
-3
7
3
-3
-28
3
5
7
8
5
9
-2
-6
15
1
8
10
-3
-4
15
15
30
2
4
-6
-9
0
8
-7
-6
4
10
-1
4
-7
-3
0
11
7
5
-2
0
-30
4
-8
-2
-2
3
-4
1
36
3
4
-4
-8
-7
2
3
6
6
-2
-2
2
-6
3
5
7
-9
-1
8
3
-10
6
-6
4
0
3
-8
8
8
-20
-2
6
4
6
-5
0
5
2
9
3
-10
1
13
8
7
-7
-3
-9
3
-2
-2
0
5
-7
5
4
2
8
-2
0
-7
2
-5
-9
3
-9
7
-5
12
10
6
9
-1
-14
-11
0
-11
6
8
4
-10
1
15
-4
-7
4
-2
9
-7
9
0
-2
-8
-1
-1
3
-3
4
0
-5
-7
-4
3
2
-4
-7
1
-13
3
4
5
-8
6
3
-5
-10
4
30
-4
2
-10
-5
2
-10
-4
-3
-7
-5
0
-36
-5
5
-6
6
-1
5
-3
15
-3
4
-6
2
5
-1
-9
-1
0
8
2
-10
-8
4
1
6
5
-9
3
-8
21
-7
3
-5
-1
-6
-9
1
-10
2
-15
0
-2
9
1
-10
-12
-5
-8
0
9
6
-10
10
11
-4
-10
4
8
6
5
-9
1
6
13
-4
8
7
-5
3
1
-8
dividebyzero
-18
4
8
3
-9
-7
-1
-3
-5
0
8
-1
7
4
0
6
-4
4
9
2
7
8
3
0
9
-15
6
0
-8
-24
7
2
7
4
-2
-7
-1
2
0
-10
1
5
-5
-1
8
8
3
0
0
7
-7
45
13
-3
-2
-10
-8
2
-9
-6
-6
7
7
4
-3
-8
-2
16
-1
8
-10
12
-1
-9
1
12
-5
1
-20
5
-10
-7
5
-4
-1
-9
-6
6
1
-4
0
-7
-15
-2
-4
-4
7
3
3
-12
0
13
-20
-1
9
-49
-2
7
42
8
-8
-28
-5
-1
-8
-36
3
-9
-3
4
8
-11
0
-9
0
9
-6
-30
-10
-8
10
-1
-8
5
-7
7
5
7
-4
4
-1
-1
-3
-4
3
-1
-4
-27
54
-1
2
6
14
-6
-7
9
9
0
-10
6
-4
4
7
-5
3
7
6
6
-7
-7
56
-1
-1
6
5
9
-9
2
-4
-4
-10
-14
-4
-1
2
2
-9
8
-3
-2
8
-16
0
-7
-6
-6
-12
-10
-4
6
-5
15
-11
-1
-7
-6
5
-5
-9
-3
-2
3
-7
0
6
-1
0
4
-40
7
-7
0
-7
2
6
-6
-6
-8
9
-6
-7
-11
2
-7
-5
-1
-5
5
-7
-64
13
0
7
0
-1
8
54
7
6
-3
7
2
-8
1
-6
-2
-5
7
7
2
1
-10
8
8
dividebyzero
-7
3
-8
-10
-5
-8
6
-6
7
64
9
4
-8
10
-7
4
-10
8
7
0
-6
-40
-10
5
0
-2
9
5
-5
-1
4
-6
4
10
-13
0
-6
-10
6
0
1
-3
16
-4
3
-7
8
5
-12
-2
9
8
5
-4
0
-14
2
-7
-2
-1
-1
-7
-4
-3
3
-4
10
1
-7
-7
0
-7
-6
5
24
-6
-10
2
2
9
-1
0
-4
-6
-5
8
-6
6
4
8
1
-6
7
-3
-10
14
-8
8
-4
9
13
2
-9
2
0
-7
0
2
-8
1
-11
-10
-1
-10
14
-8
-9
-7
-48
-6
5
8
9
4
-1
-1
0
-3
-1
9
-2
-8
18
7
-9
-2
8
6
2
1
-6
-3
9
3
-3
2
0
-9
7
-5
0
-6
5
-4
32
-13
-1
-3
-1
-15
0
7
8
4
6
-9
-3
90
-16
-35
-8
-1
-5
-28
-4
-15
-25
-1
-8
-2
-2
1
-2
12
16
1
49
-13
-5
3
-6
-1
-10
-8
-12
1
-8
-7
9
-8
-3
-1
3
-3
10
-2
-1
9
-5
-10
0
-1
-8
4
-3
4
-2
7
0
54
8
-1
-2
-12
5
-4
7
-6
0
-6
-1
-1
-3
8
3
-9
-7
3
5
4
-6
-1
-2
-10
7
-5
-9
8
-5
0
-5
2
-8
-10

Calculator off.
