0
-4
-1
0
9
-8
2
8
1
5
16
3
-4
-10
9
1
2
-2
8
-6
-7
1
-6
-1
7
-10
8
0
-63
-6
0
2
-1
-7
3
5
5
32
1
2
2
1
28
0
-2
5
1
8
4
0
-20
-3
1
-1
-1
-14
0
5
-3
48
-1
4
1
0
6
2
15
-15
-1
-14
-1
0
-10
9
10
-7
7
9
-5
0
-7
4
0
5
9
-2
-7
-12
-18
-2
-5
-3
-4
-1
-5
-4
8
-4
-7
7
-5
-18
-6
3
3
7
18
1
-3
-2
-9
-11
-10
4
-1
0
-36
-18
4
1
1
-2
-7
0
-5
-5
-4
2
7
-8
6
4
2
9
2
-4
0
18
-13
6
-9
4
0
9
9
1
-8
9
-2
-1
15
-28
-4
8
-2
3
-10
-16
2
-1
18
12
8
-13
-3
-6
-12
-6
-1
0
9
-10
4
7
-1
-5
-8
2
8
12
2
3
-1
-10
-6
-3
-4
-10
13
-5
12
-7
-27
-7
-1
6
7
70
-9
8
9
-14
-13
4
-7
-2
-6
-2
-2
-8
-9
-13
-7
7
-10
-1
4
7
21
-5
-4
-8
-12
1
-9
1
2
-5
-1
-8
-7
-5
2
-7
-7
-1
1
-8
-10
12
6
-3
9
14
-9
-1
0
-7
4
-8
-6
7
-10
15
-10
5
1
24
-6
0
-4
48
8
2
7
-2
1
-28
-6
11
2
5
2
-8
-6
1
-5
90
7
0
2
-8
-9
0
-9
-11
1
-9
9
-9
-5
1
-2
1
6
-9
-16
0
-6
3
-1
-4
4
5
-16
-7
6
-5
-6
7
4
-4
-10
4
-7
2
6
9
11
0
5
-2
-90
9
8
0
7
2
2
-5
-1
-3
-2
-8
5
-10
-6
-3
-3
0
4
-1
-7
7
-1
-7
6
1
1
-1
-72
4
-4
-3
-14
-1
11
3
7
1
-5
16
1
3
2
8
7
-1
6
5
5
8
-4
5
18
-5
-1
-3
-2
-1
0
2
-3
-9
2
-9
7
-9
7
0
4
7
-9
-11
-5
0
-2
-4
-6
-7
-1
-35
1
20
5
-4
4
-36
0
9
-3
-1
1
-1
6
3
1
8
1
-7
4
-6
-2
-8
-4
-2
-8
-12
-5
-6
7
2
0
5
8
-5
8
6
6
3
-4
-1
10
-6
0
24
-5
-6
27
-36
5
7
10
-8
-9
0
0
0
48
2
2
5
-2
-2
0
-8
6
0
2
4
9
4
3
-6
2
-6
7
-8
10
3
-7
-8
2
8
-6
-10
-6
10
-3
15
8
9
-2
-9
7
6
-3
0
-6
-1
-6
-3
-2
-2
6
3
0
5
0
-4
15
7
-3
-2
-12
-14
3
7
-1
3
1
18
2
-9
-7
0
3
0
-2
11
-2
8
-6
1
-2
6
0
7
-10
-56
9
4
3
-10
-4
-10
3
0
4
7
4
-2
-18
3
1
8
9
0
7
-6
2
-17
-5
-20
-1
-3
10
-5
-1
8
-7
-3
-7
-9
9
1
-3
-5
12
2
6
3
2
-2
-6
3
7
-10
-7
0
-5
7
8
-7
-3
-5
-5
-1
-14
4
5
-16
-2
4
3
-1
-5
-24
9
-1
-1
-1
-1
3
7
-1
-1
0
-1
-5
-5
7
-4
-8
0
-1
5
-3
-3
-12
7
-5
1
8
9
-1
3
-9
3
9
13
10
4
-1
-4
-8
-3
-8
4
-2
17
-5
-9
-10
-7
3
3
-10
-8
2
7
7
1
28
-1
3
-9
-45
-40
7
7
-1
0
-8
-3
-9
-72
9
2
13
-6
-4
9
8
-4
11
-1
2
5
-10
-1
-6
-2
5
5
-8
7
-12
-6
dividebyzero
-1
-10
9
-7
8
8
-6
-12
-4
3
-1
6
5
-6
8
0
-14
8
-8
-3
-9
-1
-6
4
4
-9
-6
7
-4
-6
-3
0
-1
8
11
-2
9
4
-1
-42
-9
-5
1
2
2
-7
-10
-10
1
0
3
0
-6
0
2
-3
8
-12
-10
-8
-3
-8
11
4
-1
8
-5
0
-3
2
4
13
2
-4
-4
0
5
-49
-15
-5
4
-2
-1
-9
-10
80
4
6
-6
7
0
6
-16
6
-6
-8
0
14
-5
-7
3
-3
0
-5
-7
4
-5
3
-9
6
10
5
5
-18
1
49
6
2
3
-3
1
6
-6
-3
35
-6
-9
-1
2
2
-4
8
-6
1
7
0
-1
-5
-3
0
-6
-10
-1
80
-7
3
6
-1
5
0
-9
-20
7
0
9
-1
-5
1
2
5
-24
7
3
-8
2
-6
5
6
2
-9
-8
9
6
-2
3
-12
1
-2
-16
1
-2
-3
16
-10
0
-10
-10
-10
-14
1
1
-6
1
-8
8
-11
7
1
2
-5
9
4
9
-4
5
0
0
-4
-7
4
2
-6
3
24
0
5
-2
-2
-8
-5
7
-2
1
0
0
-6
-2
-8
-10
0
1
-1
8
-8
2
-10
-1
6
50
2
-5
1
-11
-10
10
-2
-9
-10
-7
-7
1
-2
-1
-13
3
6
15
-45
-1
15
-6
5
-9
-4
9
1
0
-10
5
-9
3
4
-2
1
1
-13
-7
7
4
-8
-5
-5
1
-4
-5
-8
-7
5
-6
4
6
0
-7
-12
0
1
-6
-3
9
14

Calculator off.
