11
-12
-8
-1
0
-1
3
6
-4
7
-8
9
0
-11
-9
-4
-2
-5
-7
-7
-6
-2
1
63
1
3
-4
7
-9
1
-1
-4
5
-4
6
1
18
-1
9
2
7
-2
54
-1
15
4
11
0
-1
8
-2
-1
-10
1
-4
-1
-6
-8
-10
13
-40
-6
8
-1
-1
1
1
14
-5
2
-7
-1
-8
3
5
-3
-8
-13
7
1
4
-3
-8
-8
-8
-7
6
-4
-6
1
-7
7
-9
-8
14
3
0
-4
6
8
-3
3
-5
-5
-11
-36
5
15
-2
9
-3
4
dividebyzero
7
8
4
10
9
0
5
-10
-5
-7
7
-5
-1
9
5
-1
7
0
-7
-2
11
-9
-2
-4
0
4
0
6
-10
8
-4
-7
2
-5
-6
-1
10
-3
-3
-8
8
8
-3
-8
-5
3
9
3
1
-2
8
-2
-1
-6
-5
-6
-1
4
8
6
-6
-2
-8
7
7
5
-16
-3
-1
-5
7
2
-8
72
-1
8
8
4
1
-8
4
7
-8
11
7
24
4
-5
7
-1
-5
2
-4
-7
-5
4
-7
5
6
1
5
-10
-4
-3
1
7
8
7
-3
9
1
-50
-5
4
-2
-7
4
-1
3
-14
-3
-9
21
-3
6
0
-1
0
6
4
8
6
20
-2
-5
-2
-8
-4
-1
5
0
-5
-5
5
-7
-15
1
0
-5
-3
-1
12
4
-9
8
-7
-8
0
6
6
-4
-9
0
-1
2
8
-19
-9
7
-24
4
7
-1
7
-2
-5
0
-6
7
0
4
-4
-2
5
0
3
8
6
10
1
-3
7
-10
2
8
4
-7
-1
-2
-11
-5
25
-3
2
-5
-5
-5
7
0
0
5
-8
2
9
0
0
-6
-1
9
8
0
-5
-7
-1
1
-6
1
-36
-4
-2
-10
-8
-6
6
-8
4
-4
8
-4
0
-42
15
-64
7
-8
15
2
8
5
6
6
-5
-9
8
-1
2
5
-9
24
-17
-8
-8
0
90
9
1
0
0
-3
-4
-9
-9
-8
-1
6
4
8
-1
-10
-8
4
-11
1
4
-7
-12
-1
-3
9
-4
4
7
6
7
-9
1
5
0
-2
5
-6
-8
8
3
-8
2
2
4
-7
-27
-5
0
-11
-6
-1
-7
0
7
5
4
-6
-11
-3
-5
50
5
16
-9
-7
0
-10
-5
8
6
12
-7
8
0
3
-2
6
-10
9
-4
1
5
-5
-1
-2
-8
2
-2
-10
-5
-6
9
-7
-1
-7
6
-3
0
7
-8
-70
-5
0
1
1
0
-5
72
-15
-2
-1
-5
12
-10
-4
2
-3
63
2
-10
24
-4
8
24
-3
0
-2
5
-9
-6
-6
1
8
5
-1
-5
2
-20
2
1
8
0
70
4
5
7
0
5
-10
1
-5
3
-36
-6
-5
7
-4
0
-4
-4
8
-36
50
-3
1
6
6
-1
-2
-7
8
-9
-4
-10
-8
10
11
-2
-2
-2
-10
9
-9
3
2
-2
0
15
-2
-1
-7
3
-24
5
0
6
0
7
-1
-2
-11
1
-8
9
3
14
-6
0
-4
-4
10
-6
1
-3
-7
-5
0
-6
1
15
7
-4
-4
-5
4
9
6
4
-7
-32
1
4
-3
-9
-1
-1
-10
-7
5
-6
2
-7
-1
-8
8
-1
7
-7
9
-7
-40
0
-2
-10
-3
-2
4
-2
7
-1
8
-8
5
-3
7
-1
6
3
3
8
0
-2
1
-4
-8
-1
0
2
-15
-9
-14
-1
-11
14
-1
-1
6
4
-3
2
3
-5
2
1
-2
-6
3
-1
6
-3
1
-13
6
-1
-3
3
-4
-10
9
1
-9
2
1
-10
-1
-1
4
-2
-2
4
-1
-2
-8
-5
5
-1
-1
-1
10
-12
0
-2
-1
-1
-18
-12
-9
28
2
16
-10
0
7
-8
9
-5
24
-1
4
11
9
3
-4
1
1
0
6
9
4
-32
-8
6
8
-1
1
-8
54
4
4
1
-2
-15
-2
-8
-10
9
6
3
8
5
-9
-4
-2
-2
2
9
-6
-3
-9
2
1
-12
8
-14
4
6
7
-11
9
0
2
-1
6
-5
1
7
5
3
-2
-4
2
3
-14
-3
-5
-8
-8
-2
0
-10
2
-10
-8
0
-15
-6
-2
-2
-10
6
-2
4
8
-2
-9
7
9
6
-1
-3
1
5
-1
-3
8
-8
-5
-1
3
-5
-15
3
-9
-8
8
-4
0
-4
-10
7
7
-2
-3
5
5
9
-4
0
3
-4
-10
7
-7
18
-5
-5
81
-8
-10
15
-5
-8
45
-11
-7
32
-10
6
2
-4
-1
2
2
dividebyzero
-7
-4
0
7
4
3
8
7
-6
-1
-6
-3
25
-6
-9
5
-8
2
2
5
-1
-18
4
-10
-8
6
0
-2
3
9
-1
-1
-5
-6
8
-5
7
-5
9
4
8
-9
8
-3
-5
-6
2
4
-3
4
-9
7
-7
-2
4
-14
-64
7
9
3
-4
6
-7
6
-6
-3
-8
-10
100
1
-6
-3
1
0
4
-10
-3
13
-5
1
-4
1
-8
3
11
7
36
-2
8
8
7
72
-5
7
4
2
-3
-7
2
9
-8
2
6
15
-10
-8
-7
-5
-4
7
6
9
9
7
-3
10
1
-6
-4
-3
8
5
-8
8
6
0
9
2
3

Calculator off.
