-10
2
2
5
-4
-7
-6
-6
5
0
11
1
-7
-8
-5
-8
4
1
6
-5
-5
-5
-4
7
9
-5
-9
-3
-2
0
0
-5
-3
4
9
9
8
-4
3
-4
-4
-8
-10
-9
-4
5
0
1
-7
40
-1
0
3
5
9
-2
-2
-1
-7
9
-15
-9
9
1
5
-9
42
-5
5
-1
3
7
-54
-9
45
4
6
-32
9
-2
-5
-16
1
9
9
-1
-1
2
-18
12
6
15
2
-63
3
-4
-9
5
4
-4
7
2
-4
-6
5
-4
-8
-6
-9
8
1
4
0
-1
9
-8
-10
-3
-2
-8
4
-2
5
-5
-3
7
7
-2
-1
70
-6
-7
-10
8
0
-8
0
7
-10
-5
-10
2
2
-10
6
-9
2
2
-45
0
11
-9
1
40
0
1
-1
-1
-7
-8
6
5
-3
13
-18
8
-1
3
-27
-3
0
-3
-6
2
8
-90
-3
1
6
3
1
-1
0
-2
-5
-9
4
-4
1
10
-24
3
-1
3
-5
2
-1
4
-1
3
4
-8
3
8
-7
5
5
-7
11
-1
0
7
3
12
-1
-1
-2
3
-10
6
-8
5
6
0
5
9
-1
45
-5
-14
36
7
-2
-7
-10
9
-6
-5
9
2
1
0
-5
4
-10
-7
0
0
2
6
-14
1
11
8
4
-5
9
5
-4
9
13
-3
4
0
7
-63
7
-63
-5
6
2
-10
-1
11
-6
-2
3
4
-8
0
-7
1
1
15
-11
0
0
9
1
-4
7
-6
4
3
-10
-9
9
-13
-8
-7
9
17
-2
-4
1
9
-6
-2
-6
0
6
8
8
5
-4
8
dividebyzero
8
0
-1
-5
-4
-27
-5
-1
0
0
-10
-1
-1
-9
-5
-15
-9
-8
2
6
1
-2
-4
-4
0
6
10
7
9
7
7
11
-7
4
-13
9
7
9
-5
9
-7
6
6
-2
13
dividebyzero
4
-7
2
0
-13
-2
-4
7
-20
-8
-13
-7
10
6
1
-1
-6
4
-6
-4
-5
-5
-5
2
36
1
6
2
-10
7
-1
-1
-7
-1
1
-4
-10
-10
-6
-8
-4
0
-9
12
3
-1
3
0
4
-1
6
-6
-2
8
-4
0
-5
2
-5
-12
3
-4
-8
-1
-7
-1
-1
-9
-10
0
36
-10
0
1
-2
28
-2
-7
1
-1
8
-8
2
-15
10
-9
-6
-16
0
12
0
-5
4
5
-2
2
3
9
-1
-3
-9
8
-8
2
2
-10
5
7
-3
0
8
3
-2
-9
-8
1
-5
5
-8
-4
3
3
-6
0
6
7
9
-9
4
-12
-2
0
2
4
-1
56
-10
1
4
-8
3
-9
-4
16
-6
-6
-7
-6
4
5
-10
6
-10
-9
-8
-10
-4
3
-8
-11
-8
1
2
9
-19
5
1
-2
-5
0
-8
1
7
6
-10
-3
-4
-8
-1
-9
4
7
0
-6
9
5
-9
1
-2
-1
-5
9
-2
-2
5
-3
0
9
-3
-8
-9
4
-10
2
-4
4
-10
-3
-4
-6
-2
8
-1
0
1
9
-12
-6
2
-48
5
2
4
6
-14
-18
1
-36
4
-7
-2
4
7
-9
3
-9
3
10
0
0
8
7
-7
7
11
-7
-1
13
1
-6
-6
-7
-3
5
6
-2
-1
0
7
1
-7
-17
8
-4
9
-13
4
-9
6
-1
3
8
-5
-6
-36
13
-1
4
-1
4
3
17
9
-7
-10
7
-14
4
-4
-3
-5
2
-12
-6
2
-8
14
9
5
7
11
-5
0
-5
5
5
-2
3
-2
-2
-18
1
-7
-1
7
-8
9
-13
1
-9
0
-8
2
-4
0
-5
-2
4
10
-5
-2
4
4
9
4
0
9
-1
-6
-4
-4
-5
-2
2
0
-8
-2
1
7
0
-10
9
-6
-54
0
-4
8
-9
-4
-8
0
-3
0
-10
-12
3
0
6
2
4
-3
-5
-9
9
-1
1
8
2
-8
6
-2
-6
14
-3
-1
2
-7
-1
4
5
3
-10
-8
13
2
-9
0
0
-2
-3
-2
0
-6
1
11
-3
5
-30
-4
-12
11
-2
dividebyzero
0
15
-4
-4
1
-4
-6
-7
-1
2
0
-4
-2
9
-1
2
4
0
-8
8
-10
-4
9
-1
-1
-1
-1
-72
3
-10
8
-9
0
-5
9
-10
5
-3
3
0
0
6
0
-3
-5
7
2
6
8
-4
-2
0
-2
-24
0
2
6
0
9
-64
-1
40
5
-9
3
-4
-5
-1
6
4
9
-4
3
0
-3
27
-9
2
-6
-3
5
0
-5
-4
6
3
-2
-4
-1
-3
7
7
-1
-1
54
-1
-1
2
2
-1
-3
-2
8
-9
-3
-7
-9
-8
-6
-1
-7
16
-2
1
6
-6
2
-7
1
-4
-1
1
9
2
-2
-1
0
10
6
-6
-9
-3
3
-14
3
6
-1
1
6
-3
11
9
-9
-13
8
1
-8
-8
-8
-4
4
3
-5
2
6
0
3
6
3
-4
0
-10
-11
4
-3
-30
12
-10
3
-8
3
6
1
-7
4
2
0
2
2
-3
-12
-3
0
-2
-8
-1
-6
1
-6
-10
5
4
7
-2
-9
-7
-10
9
3
0
1
-10
-6
-6
-5
-9
-5
4
-10
3
9
9
2
6
4
-10
-45
10
8
5
-11
-1
12
6

Calculator off.
