9
-8
-9
-6
2
-5
1
-10
0
0
-8
-12
-6
3
7
15
-14
-8
-16
-1
-4
6
-6
-9
9
-3
-10
7
0
-4
4
-5
48
0
9
-5
3
4
1
-5
-2
2
7
-1
9
0
1
-4
-3
-14
-6
0
-6
-8
-9
1
-4
-7
-10
-8
0
7
dividebyzero
-8
-1
-3
1
0
1
12
-1
-2
-2
0
-5
0
-3
13
-6
0
2
0
-9
-2
8
6
4
8
-1
2
0
-2
7
1
-7
9
6
2
7
-9
9
5
-1
5
-1
8
12
-3
-2
-9
8
0
8
-1
0
-9
14
-12
-63
-7
8
-1
12
-5
2
-3
-6
-9
-4
-1
9
9
8
-7
7
2
-4
-16
9
-63
1
1
12
-14
35
-1
7
-40
0
7
7
-3
4
4
-9
-5
-11
1
4
-64
-6
9
-4
-3
0
-8
2
-1
9
1
6
-13
-7
-12
-2
-2
-3
-72
0
4
4
4
8
9
16
-2
0
2
8
-9
-6
2
18
0
-8
8
5
11
-3
4
2
11
6
7
0
-2
-4
5
9
-1
8
-5
4
7
-8
-5
3
-2
-2
-21
12
6
0
-6
8
2
4
-1
-2
-1
4
0
-2
8
-9
-2
-5
0
-5
72
-2
4
-6
-7
-45
8
-4
12
-70
-6
-7
2
-2
3
-2
-42
-9
-8
-1
0
7
-9
0
5
-5
-12
6
7
-6
-24
11
15
-2
3
1
1
1
10
0
-5
-1
0
-13
12
1
-5
-1
6
3
8
-6
15
14
-5
-3
2
9
-2
5
1
-2
-5
-7
-6
4
0
-6
-3
-2
6
-1
-6
0
4
3
-10
6
-1
-21
-1
15
-7
-9
-5
4
6
9
5
-6
9
-3
0
0
-8
8
-18
-4
-10
-3
-14
12
-1
4
0
-4
14
2
-10
1
-40
9
8
-6
-8
-3
-10
3
0
-5
-6
-1
-3
-5
3
1
-1
-8
-2
-9
-12
-14
-9
6
1
-18
2
-9
-9
0
7
0
9
-5
5
9
9
-3
0
-10
11
0
-9
6
-1
0
1
0
-11
-4
9
-6
-3
1
-48
-7
6
-4
2
-12
1
0
7
10
36
2
2
3
-15
-5
-5
3
1
-5
-3
-4
-8
11
-5
0
0
-2
13
-8
3
-1
-4
-10
-4
-2
0
1
-6
-5
13
-10
8
6
-5
-13
4
-4
-4
-8
10
-1
27
-50
1
-2
-9
0
-1
-1
-8
9
-9
4
-8
-1
-1
-5
-9
-28
-63
4
-10
8
4
-7
2
8
-9
5
-14
0
9
0
-36
-9
-10
15
-10
-11
0
-10
-1
-2
1
-9
-7
-4
-6
7
-8
8
-15
-6
-1
-13
7
15
-10
2
-6
0
-3
-7
-5
-8
-4
45
-6
-7
-10
-10
-5
-8
-6
8
-7
5
-2
-9
-1
6
-4
1
4
1
-6
-5
6
10
-9
-18
-16
5
16
9
6
-4
-24
-1
-13
9
6
-6
2
-4
-4
10
-1
0
-2
-5
1
-4
8
1
-2
0
3
-11
7
-10
11
8
64
-8
1
0
81
2
2
-14
9
3
-3
8
-4
8
-2
-1
1
-2
-1
5
-10
-1
-12
4
12
4
5
dividebyzero
0
-9
-3
0
5
-15
-8
14
-2
-1
-2
-7
-9
-1
-5
-10
-6
-7
0
-3
5
4
8
0
-5
-9
-4
-3
15
-3
-2
-3
-9
-10
-10
-4
9
16
-63
-3
0
8
11
-8
2
6
-18
-3
-14
6
-12
14
-14
-6
-5
-3
8
1
-7
-10
-6
-8
-7
-2
-6
-6
-1
-2
3
-1
16
7
7
-3
0
6
6
5
-9
7
6
1
0
9
3
-5
8
8
3
9
-3
0
1
-2
2
3
3
-2
8
-1
0
-4
1
5
0
2
-10
9
4
1
-10
-1
4
8
-9
42
6
1
1
-3
-1
6
-4
81
-9
-9
-5
-10
-9
9
-5
7
-1
-1
-16
15
-2
-2
-8
-9
6
11
0
2
9
2
0
-2
0
4
14
1
-1
-3
13
6
-5
-10
7
-5
-6
0
-12
4
-9
-4
-9
-5
0
-6
0
-3
0
56
-1
-11
3
-3
2
3
7
2
-2
-10
28
0
7
-5
-9
3
-6
-10
-2
5
-5
7
-7
-3
2
3
-5
2
6
-5
-10
9
6
-2
3
2
-2
9
5
8
-6
0
6
-3
8
-2
-8
4
-81
-3
6
7
-20
-5
-9
-2
-9
-6
1
3
-3
-12
-1
-5
-3
-2
-14
6
-7
-2
0
-1
4
9
0
4
3
4
9
-13
0
-10
-8
6
-3
0
0
-9
3
-7
2
-10
0
-4
5
-1
-1
1
-10
-6
-10
-10
-10
-10
-10
5
4
9
-2
0
-1
1
-10
-5
5
9
-8
4
1
2
7
0
-10
2
-7
2
-4
10
3
11
1
7
-12
-6
-9
-4
-6
-3
7
0
-7
72
-7
5
-8
-1
-5
0
15
0
-9
-6
-9
9
1
2
4
3
-2
-8
6
2
36
0
1
63
-2
-5
14
7
0
-1
4
9
-2
5
-1
-6
7
-2
-10
7
0
-1
8
8
25
2
9
12
-4
9
-12
63
0
-10
3
6
13
-1
-6
5
3
-4
-2
-15
-7
-8
5
0
-6
1
-2
-8
-14
-1
4
1
-2
2
-7

Calculator off.
