-4
2
1
-12
5
0
-80
4
4
1
-1
-7
2
-7
-9
-2
2
14
-1
6
18
9
0
9
0
-7
0
-1
-8
2
7
-9
10
-1
7
5
-9
-7
1
-9
6
-8
-27
-5
-10
4
-5
28
-6
-1
0
-10
5
0
-14
0
14
5
0
8
-13
4
7
6
-10
-8
11
-10
6
8
-4
-8
36
8
-8
5
-7
1
16
4
-2
-3
8
-80
30
8
-1
-3
-5
-6
-5
3
8
5
-8
18
7
9
1
0
-7
-1
3
-8
-1
-10
-18
-8
-4
-8
9
8
-2
-5
0
60
-2
18
-7
-6
-14
-6
-6
2
-1
2
3
8
9
5
3
-4
-17
0
20
-5
-7
30
-8
0
0
-1
12
-7
0
10
-4
7
12
56
10
5
-9
7
-3
8
-14
14
-1
-8
0
-9
9
-2
0
3
0
4
-2
-10
15
-1
9
-5
9
0
-1
1
-14
-1
-2
9
3
6
12
-2
4
35
2
5
1
1
2
0
9
3
-9
-7
4
0
-3
10
7
8
0
-1
6
1
2
-8
-13
-5
-1
0
4
4
1
0
-5
-9
0
-6
3
8
-6
1
2
-1
9
0
-8
3
6
-10
-10
9
-6
7
9
8
-7
5
-4
5
8
5
-9
-5
8
-2
7
-7
-3
2
-4
9
2
-5
-2
-1
-6
-3
-7
-10
-8
7
-10
7
5
9
0
-18
54
dividebyzero
-17
-11
3
27
-6
6
5
0
-5
-8
4
1
9
-7
-4
0
-7
-9
3
-1
1
2
6
-10
-1
7
8
-6
-5
-1
-3
-8
-9
-36
9
-6
1
0
6
-9
0
-12
9
-7
4
-9
-4
-1
11
6
4
1
5
-4
-10
-10
8
1
-3
0
0
15
2
-9
3
-2
-4
-10
4
7
7
8
0
6
dividebyzero
6
3
-2
14
1
-2
-9
7
42
1
4
-42
-4
12
4
3
-7
-12
3
7
0
-5
-4
-1
20
-1
3
5
-2
-9
1
0
3
4
-2
-4
-3
0
-2
7
8
-3
-4
-2
-7
15
-1
-10
3
-1
0
3
-1
-8
-3
-9
6
-1
-3
-16
-2
4
4
4
-5
5
4
1
-3
8
1
7
5
5
2
-8
-16
-6
-8
-4
-8
0
3
2
9
0
0
6
-16
4
-3
0
-1
-3
-6
6
4
4
-8
-2
6
-11
-2
-35
3
-10
0
-7
45
0
-8
2
-45
-4
-3
-9
0
-7
0
10
-5
14
-5
-9
4
0
-5
6
-14
6
0
-5
1
-2
-10
2
7
3
1
-10
2
9
-5
1
2
35
7
9
0
5
-8
-7
15
-16
0
2
4
-9
-1
30
9
-1
2
-2
-36
-4
2
-9
3
8
-4
9
2
5
-80
7
0
8
-6
-7
-72
-1
-1
0
8
3
-9
7
-6
dividebyzero
-8
-3
-8
6
-18
2
0
8
-3
8
-1
-1
4
-6
2
-6
-7
-35
-14
3
0
5
-2
0
10
5
6
-4
-1
-6
-1
8
-4
3
-4
1
-1
3
1
-7
6
-10
7
6
3
-4
0
-2
2
-7
5
-1
0
-7
-16
25
-4
7
-12
-17
1
24
-16
-6
10
0
4
2
-10
2
14
-24
-6
6
9
-4
12
-3
-56
7
-2
-10
-6
0
90
4
1
-6
8
6
-2
0
16
8
4
-3
4
7
-2
-10
dividebyzero
6
-2
-9
-7
5
-6
9
-3
0
-1
2
9
-1
-19
-6
-10
1
-1
4
-1
-10
6
-3
-7
1
3
0
-5
4
-1
6
6
-8
-8
-2
9
5
9
1
-7
-6
6
4
-18
-6
-1
-36
5
2
0
-4
-7
40
0
6
-2
-4
-1
-7
-3
-7
3
-3
-2
5
1
8
0
-16
2
7
-3
-4
-6
8
6
-1
-2
8
7
4
7
-5
6
-1
-1
-4
-7
9
-2
5
-1
-3
-3
-6
7
6
-19
-2
0
-2
0
3
-8
-3
-2
-8
15
0
5
5
7
-1
15
-2
1
3
-1
6
-90
-1
0
9
5
6
0
-6
-3
4
dividebyzero
9
-11
4
5
-2
-9
4
-9
-5
8
-7
1
1
-6
-4
1
5
-9
7
9
-3
14
-1
1
7
2
8
0
6
-3
1
4
5
-7
20
8
9
7
0
5
-14
-9
2
-5
-3
5
-4
1
-8
-1
-11
-6
-72
4
2
6
0
3
0
1
-4
-2
40
2
0
5
5
0
-2
8
8
15
1
5
-3
-6
8
3
-9
-9
-3
-4
-8
-5
-3
-7
4
-3
-1
-9
-11
-1
-14
1
4
0
-2
5
6
-7
-40
0
-8
7
24
-3
-5
-8
1
-6
-9
0
-9
2
9
3
0
-8
-4
0
8
-10
1
-7
1
-9
-1
3
6
7
-9
-5
-1
2
8
3
-3
11
-4
4
9
45
-5
-2
-4
32
0
-4
9
-8
4
3
1
9
-2
-12
4
-2
-3
8
0
-4
-3
7
1
8
3
0
-3
-3
2
-48
-10
-1
-6
-5
-5
-5
13
-2
-6
-3
0
-2
12
0
-5
5
7
8
-2
7
-4
-5
8
63
-2
-3
5
2
3
-30
5
6
5
-9
-2
-5
-3
-1
-9
0
5
1
6
-7
0
-6
4
-10
0
-5
6
8
35
1
-5
9
-11
0

Calculator off.
