-4
-16
-4
2
-5
11
-2
27
9
7
48
2
-1
-2
0
7
6
2
6
-3
6
2
2
6
-9
15
9
-9
-8
-8
-1
3
-6
-11
-63
-14
2
-9
6
-10
6
-7
0
1
3
-45
0
-3
-4
-2
-7
-10
-8
4
-36
3
5
0
-6
-2
-12
2
1
0
12
7
-16
12
8
1
-1
8
-4
-8
-9
8
-1
0
-5
7
-5
2
0
3
3
-5
-14
-12
3
7
6
-4
1
5
3
-4
8
9
7
3
-8
9
-13
-1
-1
13
-9
0
-4
-3
2
-4
1
4
-11
6
-5
-6
-2
-7
-3
5
-17
6
-2
4
5
-10
-5
0
7
-4
-9
-8
-1
-5
-4
2
dividebyzero
-8
-10
1
-7
36
-6
-7
-5
0
-10
-14
0
6
-7
4
2
-2
3
-10
-4
-8
-7
13
-3
-13
7
12
5
-5
15
6
9
-8
9
-2
7
0
-4
-10
-3
2
-6
-1
-6
-9
-4
0
6
2
-8
-5
-3
-54
6
-54
8
7
1
3
-20
-1
3
5
-9
8
-4
-9
-3
13
dividebyzero
-3
-10
-8
-7
5
5
6
-1
3
9
0
-10
-3
1
3
1
90
-2
0
2
-3
-8
2
-4
-12
-1
3
-7
1
25
-5
-15
0
3
-2
-2
-1
-20
-2
9
-1
-3
2
4
-7
-5
-3
-2
6
-5
7
3
4
-6
56
-3
-3
-1
-7
45
7
6
6
-8
-7
-1
-4
-36
12
0
-8
9
-3
-3
4
6
7
-4
6
-6
0
6
-14
9
6
6
14
-4
-9
0
15
9
-13
9
-10
14
-3
3
-9
2
-13
-8
-6
-7
1
-6
0
4
1
-7
3
63
-8
3
-9
1
-11
8
8
-2
1
1
7
-15
1
5
-4
7
5
7
-13
7
-7
0
0
-3
12
4
-6
7
0
-4
9
5
-8
-7
0
-12
56
-1
-1
-1
-14
-2
0
-2
4
6
5
7
3
9
8
8
1
3
8
-8
-5
-10
8
-42
-1
-3
-6
0
-10
0
-12
-2
5
-6
-5
-7
-8
2
-2
-10
-3
-16
7
-3
4
-4
-6
-8
3
9
-7
-12
-7
-9
1
0
9
18
-1
-6
-4
-3
-3
-36
9
8
9
1
8
6
7
5
1
-5
-7
-18
-24
6
-10
-1
-6
-7
dividebyzero
-9
1
-10
-3
-4
-3
8
9
0
4
2
0
2
12
-1
1
16
-10
3
-9
-32
1
-5
-1
-1
3
0
2
3
-3
-5
-19
-1
5
-8
-1
dividebyzero
-20
5
-8
-10
-7
4
3
-8
-2
-3
2
9
-3
8
-7
8
-8
-2
0
-2
1
8
17
-9
-6
4
-9
3
-8
-3
4
-10
0
-9
-4
10
-13
-7
-7
10
5
-2
2
1
12
7
2
6
9
-3
-15
-2
5
0
2
3
8
-8
-3
-6
-4
0
7
dividebyzero
0
10
-12
-9
-2
13
-6
-9
5
13
-7
-13
6
-5
6
-7
2
6
-12
-6
-10
1
8
4
-1
1
-1
15
-6
-8
-7
-4
-4
-1
-3
9
0
6
-10
-8
-5
0
5
5
-10
-3
0
-7
-4
4
3
9
7
0
-6
2
21
64
4
-7
0
-4
36
-2
-2
1
-11
0
5
-12
-9
-4
-5
-15
-7
-9
-3
9
-6
-10
-6
0
-4
7
-54
-3
-5
-6
-3
3
-3
4
-7
-8
4
-3
-1
-5
9
0
-7
28
-1
-30
0
-5
-1
-6
-2
-6
-7
-3
-10
4
-4
-56
4
-6
-13
8
-6
-7
-5
-2
-13
-13
9
-2
-7
-1
3
40
4
3
-1
4
4
-9
8
-1
-8
-3
6
0
4
-10
2
-8
1
6
7
-14
2
-9
4
-10
9
-9
15
-1
2
-2
-4
36
15
-16
-8
-4
0
-7
-4
5
-6
-3
-3
4
6
-5
1
-3
-10
0
0
6
-27
-9
9
2
-1
9
9
-9
-7
-8
2
7
-5
0
-2
-8
0
-6
-8
9
-1
3
13
8
-5
-1
-1
13
-1
5
0
-7
8
8
-1
2
4
-1
-4
3
8
5
3
-4
-63
-5
-7
9
5
10
-8
9
-8
-10
-1
-1
6
6
2
-40
9
-8
-9
10
-7
2
1
14
9
3
7
-5
-1
-4
-24
1
6
3
1
-5
7
4
1
1
4
6
1
-1
6
5
6
3
7
-42
9
-9
-9
-30
8
-5
-4
80
27
8
0
8
-4
8
-3
-3
-5
8
-2
-4
-5
-7
9
-8
7
-3
-2
2
5
-1
7
-8
-2
0
-10
8
0
-3
-9
8
9
-1
-1
12
-7
-1
9
9
-18
-1
9
-2
-9
-2
2
5
3
0
4
2
-3
1
-2
-3
1
-12
11
-81
-2
-4
-6
7
11
-8
-5
-1
7
-2
-1
-6
-3
-11
9
-3
5
-1
-12
-8
-7
-1
13
4
4
0
3
0
-1
-8
-4
-8
7
4
-2
-3
-6
-4
-3
8
-1
8
-4
-30
-4
0
-6
13
9
-6
-6
4
7
0
-9
6
1
-1
5
0
-5
-6
-5
35
-5
-9
10
2
8
6
-2
0
-2
6
1
2
1
8
6
1
-1
9
-10
-5
-40
-42
5
5
3
5
-4
4
2
1
-2
-10
0
-10
5
-1
-5
6
24
0
-1
-4
8
1
8
-1
8
10
8

Calculator off.
