-8
1
1
-1
3
-6
8
9
-9
4
-35
0
9
-9
9
7
2
6
0
2
1
-3
-1
7
0
4
5
0
1
5
28
1
6
6
9
6
-2
-8
5
8
-12
-9
7
6
15
-9
-3
-5
-20
-6
20
1
-5
4
-1
8
0
-6
6
3
-3
0
10
-6
14
-5
7
-14
0
-6
7
14
-1
-9
-10
-6
9
8
0
-6
1
-11
5
4
-5
7
9
9
5
-5
0
4
5
9
-2
3
5
-9
-8
-1
-20
9
2
9
5
-8
-16
-7
-4
-6
6
1
9
-2
-3
2
1
-4
-10
3
8
-10
70
6
-1
1
-8
1
-1
7
-3
-7
3
-7
7
14
-5
-5
8
-16
7
-2
8
9
-8
0
-10
-1
-5
8
6
2
1
-5
-8
-8
-7
-1
-14
9
0
-11
0
-8
0
0
-1
0
0
10
-5
-8
-7
6
0
-9
3
3
1
-7
14
2
-10
6
-5
-15
-10
2
9
0
6
-2
-9
-1
-8
5
-9
-8
9
-3
-8
-3
9
10
-10
-12
6
-4
4
7
5
2
3
2
7
8
11
-5
-1
-12
1
5
-6
8
6
-7
-8
-4
-11
12
-2
0
6
9
2
8
-8
-6
42
5
-5
-4
-5
4
1
-1
1
-7
1
2
-1
7
3
6
8
20
0
4
9
-4
-4
-7
-3
-5
2
-5
-3
9
-2
9
1
0
-7
4
-10
7
3
-14
-2
-7
8
0
1
5
-5
-6
2
-3
-8
-12
-6
56
-1
-10
0
-5
-5
-7
-4
-7
-2
6
-1
5
4
-2
-6
2
-9
5
0
6
-16
9
3
4
-1
2
-17
8
4
4
-3
7
-1
10
6
-5
-5
0
-9
-16
-6
-1
8
8
7
7
-9
4
2
-8
-2
0
8
0
4
1
-3
-7
1
0
8
-1
0
-6
1
-6
-9
9
13
9
5
-7
-6
7
1
8
5
8
0
-1
-4
3
1
9
-3
9
-9
7
5
5
-8
-1
9
8
2
-8
1
-1
4
3
-5
-11
3
-5
4
-2
4
7
-6
45
0
-9
3
-4
5
-9
9
3
40
1
-1
3
-9
0
13
1
-5
-5
4
-2
6
-16
8
-4
-1
6
-9
9
0
2
3
2
-2
3
-15
5
-6
7
-3
0
4
3
-8
5
-3
4
-6
9
7
4
1
-12
-13
-3
8
-12
-3
3
7
0
18
-35
1
-1
-1
-4
-28
-5
9
-6
-2
-6
-12
3
-8
-2
9
5
-3
-6
3
14
9
-6
-8
3
1
-1
-4
-2
8
-10
7
-7
6
6
-8
2
-5
32
3
-5
-5
-11
6
-7
-2
7
-6
9
-1
-40
-30
4
9
0
-35
-1
0
-13
1
-4
-1
9
-2
6
15
-2
6
7
-9
15
4
-7
2
6
1
-12
-12
-8
-4
-2
-2
5
1
-2
-15
6
-6
-5
-10
1
0
8
0
-9
9
-8
-2
8
7
1
-8
3
-4
-3
-12
-16
0
11
9
7
0
-8
-5
2
2
6
7
5
-10
-5
7
10
1
0
5
-4
-6
11
1
0
12
-2
-64
-7
30
-9
-7
5
5
3
1
-1
-10
2
1
-1
-3
10
0
7
9
-3
3
2
-1
-8
0
-1
5
13
0
7
-3
6
35
9
-9
1
9
-8
-1
0
-7
-4
7
0
1
-11
-5
3
-28
7
-3
-7
-8
-6
3
48
2
-12
7
14
-2
-1
1
-9
8
-5
-7
-1
6
0
3
-1
0
7
-5
1
-1
0
7
4
-6
-2
0
6
2
-3
-9
4
-9
-11
4
10
2
-2
0
-4
2
54
7
8
5
-6
13
7
3
-9
-3
-2
-6
-2
9
1
8
2
-2
0
-7
0
1
56
-7
27
1
-4
0
9
9
0
7
3
3
-4
5
-4
-21
5
-7
-7
4
-2
-5
5
4
-2
1
0
-1
-4
-28
-7
-2
-6
-7
0
6
-1
0
-3
9
2
9
-3
19
-2
-7
1
-10
9
-8
-5
4
-6
0
-3
3
9
dividebyzero
3
-3
-7
1
-10
7
-6
8
-15
-7
2
12
5
-3
-1
-6
-2
2
3
8
5
9
8
-5
-9
5
-8
2
2
-8
3
-6
4
2
15
0
12
-10
4
6
-3
7
6
-7
-7
6
5
-8
1
-2
9
2
-8
3
7
-9
4
-1
5
3
-4
48
-10
-8
1
1
5
-2
-7
-4
-7
2
-10
-1
0
0
-3
25
13
2
-5
-8
4
-2
-7
-1
63
-8
6
1
1
-1
5
5
1
0
-6
1
0
-10
11
-8
7
3
7
8
3
-4
-7
0
-4
-3
-3
2
8
-13
-8
4
-49
5
12
1
8
5
5
9
2
2
8
0
-9
-4
3
0
-1
-3
-6
7
0
-2
15
8
0
-3
2
-1
-9
-63
-7
7
-8
0
-7
-1
4
7
-2
4
0
-2
-3
-4
8
-1
1
9
-10
0
7
-5
-4
-1
5
-3
-5
-9
1
13
-4
-8
-7
3
-2
-2
-5
-1
-3
5
1
-4
-1
-8
0
2
-11
5
9
-9
-2
-2
8
6
-11
-6
40
2
6
4
-9
7
-7
8
-14
8
1
0
-7
-8
2
12
0
-4
-2
0
-3
-4
4

Calculator off.
