-2
0
9
-6
-14
8
-10
2
-1
7
1
4
-7
-1
-6
3
-9
-1
-9
-7
-7
3
5
6
9
6
-8
-6
6
4
7
1
-10
9
2
3
6
3
8
8
-6
-9
16
4
-9
1
-7
9
-2
-9
-4
-3
12
0
4
0
-7
6
1
-6
4
-8
-1
-5
-9
7
0
0
3
6
0
-5
3
1
-2
-3
-3
-11
-2
-9
-5
-4
-1
-9
6
-3
-10
4
0
1
-3
-7
-2
-1
3
0
-6
-9
7
-10
0
-8
4
2
5
2
5
2
1
-1
0
-7
5
-4
2
-5
-2
-9
-9
0
3
-10
0
-4
-9
5
0
0
7
18
9
6
-6
-56
-9
6
5
-7
-10
-5
-7
12
3
6
-5
-14
0
12
-8
12
5
-7
2
-16
11
8
-2
9
-10
-3
-10
-5
90
-8
5
6
2
0
9
2
6
-8
-3
-7
-10
7
-5
4
-64
4
-9
0
-8
7
1
2
0
27
0
0
-2
-3
7
1
-13
4
-6
-3
-3
8
0
-9
0
11
-8
2
0
1
-1
-3
-1
9
4
8
3
2
-7
-24
-1
4
-8
2
1
-3
-9
7
5
-1
7
7
4
-8
1
-6
-1
-8
-10
7
8
-20
-9
10
6
-3
6
9
3
12
1
-2
7
-7
-4
0
7
-3
0
0
-1
9
-4
3
0
-40
-7
-10
8
-6
4
-8
0
-9
6
50
1
-5
2
7
8
-8
-9
-2
-10
5
4
8
8
-5
-7
-8
6
2
13
-5
3
-2
-6
-8
14
0
5
-14
0
-8
-8
-14
-3
-8
2
-10
-1
-5
5
2
-1
5
-9
1
6
3
14
45
1
7
4
-14
6
4
3
-18
-8
-8
-1
1
-1
-1
-18
0
-8
-6
-6
-1
0
-4
9
-1
-8
-2
-9
2
5
2
8
4
9
-4
-8
2
9
0
-6
3
-6
36
-8
-17
8
1
-1
-6
9
13
5
3
1
-7
-10
5
7
45
-1
-9
2
5
-10
1
48
5
-15
-6
1
-7
2
-12
-5
8
-7
5
-6
-7
-5
13
-5
1
-2
1
4
3
8
-8
8
8
-1
-9
2
6
3
7
-1
4
-5
-5
0
7
-4
-7
3
0
-9
1
-18
-10
-2
3
-1
-5
-2
-16
-5
-7
5
45
-12
-16
3
-8
-1
-4
-1
11
-1
7
7
-1
-3
5
5
-3
-4
4
-90
-5
-10
-9
-2
-27
5
2
-3
2
4
-6
4
0
8
-8
-4
9
5
9
-7
-10
-12
-4
4
8
1
11
4
0
-12
-3
-5
8
-21
2
-5
8
2
0
-3
30
-1
-1
3
1
-5
3
3
5
4
-6
-7
-8
-8
-7
-9
4
-10
6
5
7
3
-9
9
6
9
-3
3
-6
5
8
-6
11
4
-2
-5
-4
8
1
0
-18
0
-8
2
0
-7
12
-2
-2
0
4
-1
5
-7
-18
0
-15
6
3
2
-5
0
0
-12
5
-3
-1
4
-7
2
-6
5
-14
-9
9
1
-10
1
27
0
-2
2
5
-6
-4
4
11
-27
-10
-10
8
-2
-1
-1
3
-1
-2
7
-5
-9
-1
-1
-9
1
-2
-1
2
-5
3
-9
dividebyzero
4
9
-7
2
-10
0
-1
-1
7
-4
0
7
-9
-1
5
-9
7
4
-8
-4
-1
-9
4
0
9
-2
12
-2
8
3
7
4
1
-4
5
-5
3
5
-3
12
3
-6
-1
-2
-4
-7
-3
-11
9
-9
-12
-7
3
-1
-7
-9
-17
-9
4
-14
5
-3
6
5
-10
-6
-13
-9
-4
5
2
-15
-2
-7
-8
-4
6
-1
0
-6
-9
50
-16
2
-2
-8
-6
-35
0
0
-10
3
-2
-4
6
40
9
7
-5
13
-11
-64
-2
-13
-6
-12
5
-9
-2
10
-9
-8
2
-8
0
0
-9
7
5
-1
-9
12
-5
0
-8
-20
0
-6
5
-28
-5
-12
3
-2
-7
5
-1
-9
7
45
-4
-3
2
-2
12
-2
-5
-10
0
-4
-9
-3
8
10
-8
6
-1
-7
-10
1
-6
-4
40
-7
-2
-3
5
6
0
2
-4
-3
0
-64
-6
-12
0
-7
-3
-1
1
4
2
2
-3
7
-9
7
-9
0
-10
-6
4
0
8
-1
4
9
8
8
-5
-1
-3
-1
1
4
-8
0
0
7
5
-2
2
4
-9
4
2
-4
1
-5
8
-2
-1
0
3
8
36
-1
0
-7
9
-10
7
3
0
24
9
0
-9
32
-3
-6
-1
-4
-10
-10
5
4
-3
6
4
5
0
-6
-7
-1
-2
-4
1
4
12
0
12
7
-5
-20
10
0
7
8
-1
-32
-12
14
-1
4
-11
0
-5
-5
16
-1
15
2
-1
-1
-1
6
-4
-11
-10
2
-2
4
7
5
-7
-1
-12
3
-4
0
-7
-9
0
5
-6
0
9
-8
7
-1
8
10
-3
5
-3
9
0
4
7
0
24
5
3
9
4
7
-1
2
-9
8
-1
-9
9
-50
0
-2
-10
-1
-14
-12
1
-8
-1
40
15
14
-8
-30
-10
9
2
1
-11
5
-2
9
-5
0
-5
-3
-1
9
4
7
-7
0
-8
8
-3
-11
-4
5
-13
0
-9
-4
-3
-1
-8
-1
10
2
-5
1
5
-9

Calculator off.
