-9
5
-5
2
2
2
4
-42
8
8
-2
9
-1
-2
-15
-13
14
-7
1
-10
54
-1
-5
2
6
7
-10
-9
0
5
-18
-1
1
-2
8
0
-8
-6
-7
-5
-4
4
0
0
-81
-10
-10
9
-2
7
-48
7
0
-9
7
-2
5
-4
-14
-9
0
0
-5
30
-8
-10
-3
0
7
-6
-3
-9
7
5
12
6
-2
7
-1
-3
8
5
-2
0
4
-1
12
-8
-8
-3
-10
7
-2
-36
8
-81
9
-6
-6
-4
-4
0
-20
1
-2
3
8
-8
-9
-8
-6
0
-12
-2
-30
5
10
-10
-5
-2
-4
-5
-4
0
-2
-9
0
8
0
-1
8
-2
9
-8
-1
-2
-10
2
9
-1
-9
6
8
-4
0
9
10
9
-2
-40
-3
-5
7
-3
3
-1
2
8
-10
0
-8
5
-8
-3
-2
-4
-4
-1
70
-12
-3
8
15
2
9
3
28
8
2
0
-15
7
-4
-2
-6
-3
3
-9
-1
-24
-5
7
15
-7
1
2
7
-7
-6
-45
-4
-7
5
2
-10
-3
-13
5
-10
-12
9
12
9
7
1
5
-7
-8
3
-10
-9
-7
-13
2
2
-2
6
-3
-4
-2
-6
-2
3
7
8
0
-1
5
3
-42
-3
-3
-10
5
11
16
3
27
-4
0
-10
6
0
8
7
4
3
-3
-9
-9
16
-6
-4
2
3
-4
6
1
-4
-24
-4
-10
9
-13
0
-2
-10
1
3
5
56
-2
8
2
9
-3
8
-1
0
3
5
0
10
1
1
-3
-36
2
0
-7
1
-8
6
8
2
-2
6
-8
-8
-1
-1
0
6
-28
12
0
0
8
-9
-2
5
3
-8
7
4
-4
9
3
-1
9
-9
-6
-1
0
5
-9
12
-2
9
-12
-1
4
-5
3
5
9
-4
-9
-1
-11
-7
-3
-9
-90
0
-18
-9
1
-8
-5
-14
-9
7
0
-2
1
-5
-5
-8
0
-9
-8
5
-1
2
-6
2
-1
4
-11
0
-3
2
-6
-3
15
7
-4
-6
-13
13
-6
-1
9
14
3
-3
8
-12
-4
-10
-10
-7
-1
-1
-3
6
-8
9
0
0
-6
18
-1
-10
2
7
-18
-5
-7
3
0
5
6
-10
9
1
8
-15
8
8
5
0
-6
-11
-2
8
-6
-1
-1
6
6
-8
-2
9
90
6
-8
-8
-9
6
-9
-3
-4
1
-9
50
2
1
7
-2
-5
-10
0
8
14
-3
-4
-1
-5
-7
0
-1
-8
-4
8
-7
7
2
dividebyzero
3
5
56
7
-5
-6
4
-8
4
-2
4
-8
18
1
-9
-2
-1
1
2
7
2
7
0
7
5
8
-2
0
0
-1
8
0
45
-10
-9
-9
4
4
7
6
-1
7
-2
1
-2
5
-3
0
-1
1
-5
8
0
8
-4
10
-5
-6
-9
-14
4
-4
0
-4
8
8
-13
5
-8
3
0
-2
5
3
0
12
7
6
-1
0
11
0
3
-3
9
0
0
15
4
2
-5
-8
-4
-7
-8
3
-6
0
-8
-7
1
6
-10
6
6
49
0
0
1
14
1
2
0
6
-1
-2
6
-1
-7
-1
-7
2
-6
6
-10
-8
-8
0
4
3
-10
-5
-2
5
-7
9
-9
-10
-3
-15
0
0
-2
0
3
6
-32
0
1
-5
8
1
2
1
-4
6
6
-7
7
-5
3
12
12
3
-20
-7
-16
-1
-1
1
5
-3
-7
-8
2
-1
-3
-25
-6
-16
2
-10
-6
-7
-2
7
-2
5
-6
4
5
-2
1
5
-1
-4
-12
-1
0
-8
9
8
-5
5
-1
-80
10
9
-5
1
-5
-1
3
7
-7
-16
9
dividebyzero
-4
-2
-5
3
5
-13
8
-4
0
2
6
-1
0
5
-7
7
-7
0
4
-10
5
5
3
-2
1
7
7
81
2
4
8
-9
-7
5
-10
7
0
-2
1
3
11
1
7
-1
-7
0
dividebyzero
-3
5
16
-2
1
-32
0
-2
4
24
5
-1
12
-6
10
-8
2
0
9
0
10
-7
0
7
3
-8
-4
6
0
7
6
-4
9
1
-2
1
0
2
4
25
-5
-2
-7
7
3
1
-5
-9
-6
0
4
5
-9
-13
9
4
4
-4
-1
0
-16
-2
3
8
-2
5
-11
0
6
80
-16
-50
-8
-5
2
5
5
9
-8
24
2
-6
-6
1
3
1
5
1
7
-11
-12
1
-5
-9
-6
3
-9
-1
-10
6
4
7
4
0
-3
-7
7
2
-9
-4
-7
-5
17
8
8
-2
0
-10
-4
0
-14
8
7
0
1
-1
5
-5
-63
-2
3
-10
5
2
13
-8
-2
5
0
0
5
-7
-7
-9
1
-2
-3
8
-2
-1
4
-4
0
-10
-2
0
0
-1
-1
-2
0
3
12
-6
0
-9
-8
3
-6
-6
3
9
9
15
7
10
2
0
-8
3
-14
-3
12
-9
-12
-14
-7
3
-3
-10
-5
-3
-4
-7
-1
-3
24
-1
-5
-11
0
-10
-7
-1
-6
-6
-1
1
-12
8
-3
-2
-8
-4
2
1
-9
5
8
5
-4
-1
15
1
3
-2
9
-1
-8
0
-80
-13
-6
-80
0
-6
8
-1
28
-7
0
0
-1
5
-7
6
6
9
0
5
-15
-10
15
-4
6

Calculator off.
